8.000000000000000000e+00 1.285904599999999931e+01
1.000000000000000000e+01 1.385760299999999923e+01
8.000000000000000000e+00 1.004006599999999949e+01
1.200000000000000000e+01 1.163827999999999996e+01
1.100000000000000000e+01 1.395595199999999991e+01
9.000000000000000000e+00 1.000733400000000017e+01
1.000000000000000000e+01 1.286151100000000014e+01
1.100000000000000000e+01 1.317883199999999988e+01
1.000000000000000000e+01 1.310994900000000030e+01
1.200000000000000000e+01 1.453179000000000087e+01
9.000000000000000000e+00 1.081562399999999968e+01
1.000000000000000000e+01 1.291825500000000027e+01
9.000000000000000000e+00 9.853153999999999968e+00
1.000000000000000000e+01 1.154176799999999936e+01
8.000000000000000000e+00 1.011811299999999925e+01
1.200000000000000000e+01 1.258662600000000076e+01
8.000000000000000000e+00 1.072309699999999921e+01
1.200000000000000000e+01 1.191856699999999947e+01
8.000000000000000000e+00 1.371407699999999963e+01
1.000000000000000000e+01 1.256282900000000069e+01
9.000000000000000000e+00 1.022757700000000014e+01
1.400000000000000000e+01 1.167775800000000075e+01
8.000000000000000000e+00 9.673880999999999730e+00
1.100000000000000000e+01 1.509831400000000023e+01
1.200000000000000000e+01 1.495672700000000077e+01
1.000000000000000000e+01 1.257694799999999979e+01
8.000000000000000000e+00 1.229506699999999952e+01
1.000000000000000000e+01 1.170642100000000063e+01
8.000000000000000000e+00 1.128103699999999954e+01
9.000000000000000000e+00 1.168256900000000087e+01
9.000000000000000000e+00 9.598933999999999855e+00
9.000000000000000000e+00 1.300805800000000012e+01
8.000000000000000000e+00 9.833399000000000001e+00
8.000000000000000000e+00 1.069332700000000003e+01
8.000000000000000000e+00 9.638263000000000247e+00
1.400000000000000000e+01 1.386317099999999947e+01
8.000000000000000000e+00 1.033696400000000004e+01
1.000000000000000000e+01 1.128173899999999996e+01
8.000000000000000000e+00 1.033617500000000078e+01
7.000000000000000000e+00 1.097887500000000038e+01
1.100000000000000000e+01 1.142464099999999938e+01
1.000000000000000000e+01 1.145152099999999962e+01
1.000000000000000000e+01 1.193984900000000060e+01
6.000000000000000000e+00 1.086774600000000035e+01
1.200000000000000000e+01 1.291135799999999989e+01
6.000000000000000000e+00 9.504645999999999262e+00
1.000000000000000000e+01 1.332768699999999917e+01
1.200000000000000000e+01 1.342210200000000064e+01
1.200000000000000000e+01 1.279940799999999967e+01
1.000000000000000000e+01 1.312165199999999921e+01
1.000000000000000000e+01 1.308290399999999920e+01
1.000000000000000000e+01 1.364650199999999991e+01
1.100000000000000000e+01 1.023207099999999947e+01
1.100000000000000000e+01 1.228124900000000075e+01
1.100000000000000000e+01 1.046640700000000024e+01
1.100000000000000000e+01 1.147800299999999929e+01
1.200000000000000000e+01 1.316047099999999936e+01
1.300000000000000000e+01 1.434141200000000005e+01
9.000000000000000000e+00 1.327694699999999983e+01
8.000000000000000000e+00 9.865583000000000879e+00
1.000000000000000000e+01 1.388746699999999912e+01
1.100000000000000000e+01 1.222798099999999977e+01
1.200000000000000000e+01 1.021999500000000083e+01
1.000000000000000000e+01 1.211112299999999919e+01
9.000000000000000000e+00 1.184683300000000017e+01
1.200000000000000000e+01 1.240263700000000036e+01
9.000000000000000000e+00 1.053732699999999944e+01
1.000000000000000000e+01 1.066134899999999952e+01
1.000000000000000000e+01 1.089428299999999972e+01
9.000000000000000000e+00 1.228773100000000085e+01
9.000000000000000000e+00 1.235326700000000066e+01
1.100000000000000000e+01 1.025499899999999975e+01
1.300000000000000000e+01 1.361831500000000084e+01
1.100000000000000000e+01 1.272862499999999919e+01
1.100000000000000000e+01 1.098355899999999963e+01
1.100000000000000000e+01 1.238668700000000022e+01
9.000000000000000000e+00 1.177318400000000054e+01
1.200000000000000000e+01 1.110659099999999988e+01
9.000000000000000000e+00 1.218871500000000019e+01
1.200000000000000000e+01 1.299003599999999992e+01
7.000000000000000000e+00 1.016309799999999974e+01
1.300000000000000000e+01 1.363163800000000059e+01
1.000000000000000000e+01 1.344645200000000074e+01
9.000000000000000000e+00 1.162285800000000080e+01
1.100000000000000000e+01 1.315372100000000088e+01
1.200000000000000000e+01 1.376887999999999934e+01
8.000000000000000000e+00 1.012517599999999973e+01
1.000000000000000000e+01 1.252048600000000000e+01
8.000000000000000000e+00 1.384551300000000040e+01
9.000000000000000000e+00 1.454447099999999971e+01
9.000000000000000000e+00 1.179162200000000027e+01
1.000000000000000000e+01 9.554377999999999815e+00
1.100000000000000000e+01 1.026303399999999932e+01
6.000000000000000000e+00 1.042025300000000065e+01
1.200000000000000000e+01 1.429231099999999977e+01
9.000000000000000000e+00 1.304650700000000008e+01
9.000000000000000000e+00 1.389156299999999966e+01
1.000000000000000000e+01 1.018441800000000086e+01
8.000000000000000000e+00 1.297494999999999976e+01
1.200000000000000000e+01 1.375078300000000020e+01
1.000000000000000000e+01 1.201385699999999979e+01
7.000000000000000000e+00 1.119035700000000055e+01
1.100000000000000000e+01 1.369447000000000081e+01
7.000000000000000000e+00 9.693920000000000314e+00
7.000000000000000000e+00 1.344852799999999959e+01
1.200000000000000000e+01 1.174572099999999963e+01
1.500000000000000000e+01 1.288133400000000073e+01
1.000000000000000000e+01 1.381663999999999959e+01
1.000000000000000000e+01 9.943483000000000516e+00
8.000000000000000000e+00 1.085317099999999968e+01
1.000000000000000000e+01 1.207382699999999964e+01
1.000000000000000000e+01 1.399192399999999914e+01
1.400000000000000000e+01 1.431010099999999952e+01
9.000000000000000000e+00 1.217614000000000019e+01
8.000000000000000000e+00 9.955128000000000199e+00
8.000000000000000000e+00 1.109161499999999911e+01
9.000000000000000000e+00 9.889215999999999340e+00
1.100000000000000000e+01 1.316140299999999996e+01
1.000000000000000000e+01 1.121528600000000075e+01
1.000000000000000000e+01 1.427906100000000045e+01
1.000000000000000000e+01 1.408398799999999973e+01
1.000000000000000000e+01 1.296274599999999921e+01
7.000000000000000000e+00 1.071585499999999946e+01
9.000000000000000000e+00 1.096550599999999953e+01
8.000000000000000000e+00 9.663861000000000701e+00
1.200000000000000000e+01 1.446979199999999999e+01
1.300000000000000000e+01 1.419859699999999947e+01
8.000000000000000000e+00 1.032291700000000034e+01
1.100000000000000000e+01 1.279638600000000004e+01
1.100000000000000000e+01 1.138886399999999988e+01
1.100000000000000000e+01 1.111649700000000074e+01
8.000000000000000000e+00 1.033502200000000038e+01
1.200000000000000000e+01 1.386208500000000043e+01
1.000000000000000000e+01 1.184601199999999999e+01
9.000000000000000000e+00 1.177563600000000044e+01
1.000000000000000000e+01 1.405185200000000023e+01
1.100000000000000000e+01 1.431497899999999923e+01
9.000000000000000000e+00 1.180455800000000011e+01
1.100000000000000000e+01 1.108440700000000056e+01
8.000000000000000000e+00 1.072746800000000000e+01
7.000000000000000000e+00 1.149225700000000039e+01
9.000000000000000000e+00 1.076892999999999923e+01
1.200000000000000000e+01 1.413103100000000012e+01
7.000000000000000000e+00 1.073705099999999923e+01
6.000000000000000000e+00 1.033561699999999917e+01
1.400000000000000000e+01 1.399205300000000030e+01
1.000000000000000000e+01 1.406854399999999927e+01
8.000000000000000000e+00 1.039709099999999964e+01
1.200000000000000000e+01 1.080217000000000027e+01
1.200000000000000000e+01 1.390330499999999958e+01
1.100000000000000000e+01 1.286725299999999983e+01
1.000000000000000000e+01 1.332755599999999951e+01
1.000000000000000000e+01 1.121382099999999937e+01
8.000000000000000000e+00 1.341732900000000051e+01
1.000000000000000000e+01 1.291176500000000082e+01
9.000000000000000000e+00 1.209290900000000057e+01
9.000000000000000000e+00 1.169455800000000067e+01
8.000000000000000000e+00 1.005428000000000033e+01
1.000000000000000000e+01 1.289594999999999914e+01
7.000000000000000000e+00 1.236206600000000044e+01
9.000000000000000000e+00 1.232348099999999924e+01
9.000000000000000000e+00 1.401521600000000056e+01
8.000000000000000000e+00 1.030889799999999923e+01
8.000000000000000000e+00 1.198067999999999955e+01
1.000000000000000000e+01 1.293933000000000000e+01
1.100000000000000000e+01 1.489887200000000078e+01
1.000000000000000000e+01 1.324641199999999941e+01
9.000000000000000000e+00 1.539371399999999923e+01
8.000000000000000000e+00 8.828941000000000372e+00
1.000000000000000000e+01 1.363607099999999939e+01
1.200000000000000000e+01 1.880064899999999994e+01
1.100000000000000000e+01 1.841996500000000125e+01
1.200000000000000000e+01 2.013345999999999947e+01
7.000000000000000000e+00 1.150384400000000085e+01
7.000000000000000000e+00 9.789811000000000263e+00
8.000000000000000000e+00 1.365165799999999940e+01
1.000000000000000000e+01 1.672297100000000114e+01
1.000000000000000000e+01 1.961451200000000128e+01
9.000000000000000000e+00 7.530676999999999843e+00
1.000000000000000000e+01 1.091845799999999933e+01
1.100000000000000000e+01 1.585111299999999979e+01
1.100000000000000000e+01 2.032656300000000016e+01
1.200000000000000000e+01 1.914241600000000076e+01
1.000000000000000000e+01 1.448139800000000044e+01
1.200000000000000000e+01 1.856699100000000158e+01
1.200000000000000000e+01 2.117258899999999855e+01
1.200000000000000000e+01 1.718178800000000095e+01
7.000000000000000000e+00 6.598277000000000392e+00
1.000000000000000000e+01 1.600953799999999916e+01
1.000000000000000000e+01 1.902774000000000143e+01
1.000000000000000000e+01 1.154719500000000032e+01
1.100000000000000000e+01 1.810831500000000105e+01
1.000000000000000000e+01 1.817270699999999906e+01
1.000000000000000000e+01 1.538561699999999988e+01
7.000000000000000000e+00 8.680657999999999319e+00
1.000000000000000000e+01 1.588410599999999917e+01
1.000000000000000000e+01 1.436035599999999945e+01
1.100000000000000000e+01 1.439700599999999930e+01
1.400000000000000000e+01 2.415209600000000023e+01
1.200000000000000000e+01 2.312682500000000019e+01
1.100000000000000000e+01 1.557336600000000004e+01
1.400000000000000000e+01 2.360492899999999850e+01
1.200000000000000000e+01 2.136025499999999866e+01
1.200000000000000000e+01 2.071341200000000171e+01
1.100000000000000000e+01 1.530530599999999986e+01
1.000000000000000000e+01 1.219311199999999928e+01
9.000000000000000000e+00 1.082557100000000005e+01
1.300000000000000000e+01 2.105163699999999949e+01
1.100000000000000000e+01 1.395404399999999967e+01
1.200000000000000000e+01 2.249923100000000176e+01
1.100000000000000000e+01 1.292576900000000073e+01
9.000000000000000000e+00 9.763683999999999585e+00
1.400000000000000000e+01 2.530755200000000116e+01
1.300000000000000000e+01 1.722460799999999992e+01
1.000000000000000000e+01 1.154303400000000046e+01
1.100000000000000000e+01 1.688799399999999906e+01
1.100000000000000000e+01 1.264979499999999923e+01
1.200000000000000000e+01 9.744229999999999947e+00
1.100000000000000000e+01 1.950521200000000022e+01
1.100000000000000000e+01 2.006912499999999966e+01
1.100000000000000000e+01 1.522494000000000014e+01
7.000000000000000000e+00 8.406093999999999511e+00
1.100000000000000000e+01 1.582432099999999942e+01
7.000000000000000000e+00 6.468027000000000193e+00
1.100000000000000000e+01 1.594137199999999943e+01
1.400000000000000000e+01 2.336749100000000112e+01
1.000000000000000000e+01 1.216171199999999963e+01
1.100000000000000000e+01 1.773007899999999992e+01
6.000000000000000000e+00 4.935540999999999734e+00
1.000000000000000000e+01 1.733448900000000137e+01
1.100000000000000000e+01 2.429069799999999901e+01
1.200000000000000000e+01 2.105193299999999823e+01
1.200000000000000000e+01 2.160461700000000107e+01
1.200000000000000000e+01 2.469075600000000037e+01
1.300000000000000000e+01 1.564879999999999960e+01
1.000000000000000000e+01 1.562982300000000002e+01
8.000000000000000000e+00 1.107768800000000020e+01
1.100000000000000000e+01 1.464339900000000050e+01
1.100000000000000000e+01 1.205245399999999911e+01
1.200000000000000000e+01 2.170410599999999945e+01
1.100000000000000000e+01 1.857525199999999899e+01
1.300000000000000000e+01 2.146788000000000096e+01
1.200000000000000000e+01 2.174195399999999978e+01
7.000000000000000000e+00 8.455707999999999558e+00
8.000000000000000000e+00 1.200380499999999984e+01
1.200000000000000000e+01 2.185154700000000005e+01
1.200000000000000000e+01 1.781446499999999844e+01
1.000000000000000000e+01 1.691916700000000162e+01
6.000000000000000000e+00 8.838015999999999650e+00
1.100000000000000000e+01 2.334906799999999905e+01
1.000000000000000000e+01 1.395102999999999938e+01
1.000000000000000000e+01 1.748530299999999826e+01
1.200000000000000000e+01 2.053415599999999941e+01
9.000000000000000000e+00 1.591584699999999941e+01
1.000000000000000000e+01 1.332308100000000017e+01
1.400000000000000000e+01 2.244459799999999916e+01
1.000000000000000000e+01 1.759072199999999953e+01
8.000000000000000000e+00 9.133620999999999768e+00
9.000000000000000000e+00 1.331818400000000047e+01
1.200000000000000000e+01 2.047737599999999958e+01
1.000000000000000000e+01 1.545944099999999999e+01
1.000000000000000000e+01 1.280617400000000039e+01
1.100000000000000000e+01 2.407790200000000169e+01
1.300000000000000000e+01 2.186696200000000090e+01
9.000000000000000000e+00 1.203852400000000067e+01
1.100000000000000000e+01 1.456597299999999962e+01
1.100000000000000000e+01 1.514677599999999913e+01
1.100000000000000000e+01 1.773605500000000035e+01
1.000000000000000000e+01 1.411887899999999973e+01
9.000000000000000000e+00 1.230146099999999976e+01
8.000000000000000000e+00 1.018289000000000044e+01
1.300000000000000000e+01 2.584826400000000035e+01
1.000000000000000000e+01 1.261652100000000054e+01
1.100000000000000000e+01 2.027374199999999860e+01
1.000000000000000000e+01 1.164345600000000047e+01
1.100000000000000000e+01 1.317647900000000050e+01
1.000000000000000000e+01 1.153495200000000054e+01
1.200000000000000000e+01 2.302132900000000149e+01
9.000000000000000000e+00 1.060593800000000009e+01
1.000000000000000000e+01 1.593102499999999999e+01
1.000000000000000000e+01 1.631976200000000077e+01
1.100000000000000000e+01 1.738252400000000009e+01
1.100000000000000000e+01 1.777300400000000025e+01
1.000000000000000000e+01 1.381182599999999994e+01
1.400000000000000000e+01 2.863694599999999824e+01
1.100000000000000000e+01 9.859358999999999540e+00
1.000000000000000000e+01 1.957254199999999855e+01
8.000000000000000000e+00 6.540505999999999709e+00
1.200000000000000000e+01 2.148375000000000057e+01
1.100000000000000000e+01 1.595435499999999962e+01
1.100000000000000000e+01 1.709948899999999838e+01
1.000000000000000000e+01 1.216512099999999919e+01
8.000000000000000000e+00 5.727784999999999904e+00
1.100000000000000000e+01 2.200551000000000101e+01
7.000000000000000000e+00 6.036998999999999782e+00
9.000000000000000000e+00 1.486981300000000061e+01
1.000000000000000000e+01 1.874804900000000174e+01
1.000000000000000000e+01 5.803187999999999569e+00
9.000000000000000000e+00 1.405389899999999948e+01
1.100000000000000000e+01 1.827007700000000057e+01
1.100000000000000000e+01 1.650722999999999985e+01
1.200000000000000000e+01 2.092941000000000074e+01
1.000000000000000000e+01 1.379344000000000037e+01
1.200000000000000000e+01 1.905553499999999900e+01
1.000000000000000000e+01 1.354285699999999970e+01
1.100000000000000000e+01 1.697104799999999969e+01
1.100000000000000000e+01 2.659220699999999837e+01
1.100000000000000000e+01 1.504748000000000019e+01
1.100000000000000000e+01 1.801106599999999958e+01
9.000000000000000000e+00 6.099269999999999747e+00
1.100000000000000000e+01 1.240434100000000051e+01
1.100000000000000000e+01 1.526678399999999947e+01
1.300000000000000000e+01 1.717405600000000021e+01
1.000000000000000000e+01 2.001326200000000100e+01
1.100000000000000000e+01 2.275145499999999998e+01
1.200000000000000000e+01 1.554531199999999913e+01
1.200000000000000000e+01 1.762583000000000055e+01
1.100000000000000000e+01 1.298532800000000087e+01
1.100000000000000000e+01 1.621342500000000086e+01
1.000000000000000000e+01 1.070832599999999957e+01
1.000000000000000000e+01 1.413150899999999943e+01
1.100000000000000000e+01 1.593843299999999985e+01
1.300000000000000000e+01 2.607946000000000097e+01
1.100000000000000000e+01 1.537138000000000027e+01
9.000000000000000000e+00 1.335895900000000047e+01
1.200000000000000000e+01 2.532128499999999960e+01
1.100000000000000000e+01 1.311360600000000076e+01
6.000000000000000000e+00 4.838344000000000200e+00
1.300000000000000000e+01 2.324743600000000043e+01
1.000000000000000000e+01 1.529447000000000045e+01
9.000000000000000000e+00 1.338341600000000042e+01
1.000000000000000000e+01 1.490803499999999993e+01
1.200000000000000000e+01 2.075943900000000042e+01
7.000000000000000000e+00 5.515044999999999753e+00
1.100000000000000000e+01 1.565309199999999912e+01
8.000000000000000000e+00 1.060366600000000048e+01
1.000000000000000000e+01 1.487253399999999992e+01
1.300000000000000000e+01 2.348314799999999991e+01
8.000000000000000000e+00 1.157124600000000036e+01
9.000000000000000000e+00 9.778921000000000419e+00
8.000000000000000000e+00 1.389432099999999970e+01
9.000000000000000000e+00 1.465470999999999968e+01
9.000000000000000000e+00 9.233822999999999226e+00
1.100000000000000000e+01 1.658498099999999909e+01
1.100000000000000000e+01 1.563833200000000012e+01
1.300000000000000000e+01 2.686405099999999990e+01
1.100000000000000000e+01 1.767095300000000080e+01
1.100000000000000000e+01 1.890022899999999950e+01
1.100000000000000000e+01 2.659885200000000083e+01
1.200000000000000000e+01 2.187698400000000021e+01
9.000000000000000000e+00 1.337859599999999993e+01
9.000000000000000000e+00 1.229583399999999926e+01
9.000000000000000000e+00 1.299679700000000082e+01
1.200000000000000000e+01 1.654163799999999895e+01
8.000000000000000000e+00 1.025648999999999944e+01
1.200000000000000000e+01 1.676722499999999982e+01
1.200000000000000000e+01 1.740322099999999850e+01
1.200000000000000000e+01 1.756435899999999961e+01
1.000000000000000000e+01 1.246694899999999961e+01
8.000000000000000000e+00 9.301071999999999562e+00
1.000000000000000000e+01 1.354323199999999972e+01
1.200000000000000000e+01 1.255554599999999965e+01
1.100000000000000000e+01 1.743992400000000131e+01
1.100000000000000000e+01 1.290225099999999969e+01
1.300000000000000000e+01 2.457239999999999824e+01
1.400000000000000000e+01 2.119362399999999980e+01
1.000000000000000000e+01 1.600340100000000021e+01
1.200000000000000000e+01 1.819774999999999920e+01
7.000000000000000000e+00 7.972254000000000396e+00
9.000000000000000000e+00 1.311190999999999995e+01
1.300000000000000000e+01 1.957921999999999940e+01
1.100000000000000000e+01 1.569419899999999934e+01
1.100000000000000000e+01 1.913837699999999842e+01
1.300000000000000000e+01 2.699324800000000124e+01
1.300000000000000000e+01 2.298527599999999893e+01
1.000000000000000000e+01 1.397114900000000048e+01
1.200000000000000000e+01 1.921198199999999900e+01
1.100000000000000000e+01 1.516943400000000075e+01
1.100000000000000000e+01 1.208961299999999994e+01
1.100000000000000000e+01 1.782563899999999890e+01
1.400000000000000000e+01 1.652018899999999846e+01
9.000000000000000000e+00 1.068190099999999987e+01
1.000000000000000000e+01 1.322027199999999958e+01
1.000000000000000000e+01 1.127292100000000019e+01
8.000000000000000000e+00 9.643338999999999217e+00
1.000000000000000000e+01 1.133081199999999988e+01
1.100000000000000000e+01 1.385970200000000041e+01
1.000000000000000000e+01 1.188971599999999995e+01
1.400000000000000000e+01 2.153239599999999854e+01
1.400000000000000000e+01 1.961596899999999977e+01
9.000000000000000000e+00 1.103937600000000074e+01
1.100000000000000000e+01 1.400956099999999971e+01
1.200000000000000000e+01 2.097236099999999936e+01
1.100000000000000000e+01 1.666872800000000154e+01
1.000000000000000000e+01 1.188789900000000088e+01
8.000000000000000000e+00 1.132630600000000065e+01
1.100000000000000000e+01 1.764665000000000106e+01
1.100000000000000000e+01 1.516087300000000049e+01
1.100000000000000000e+01 1.757868300000000161e+01
1.000000000000000000e+01 6.351475999999999900e+00
1.400000000000000000e+01 1.897765899999999917e+01
1.300000000000000000e+01 2.251768500000000017e+01
1.100000000000000000e+01 1.407700200000000024e+01
1.100000000000000000e+01 1.557561300000000060e+01
1.100000000000000000e+01 1.690816799999999986e+01
9.000000000000000000e+00 8.492006999999999195e+00
1.300000000000000000e+01 2.168851099999999832e+01
1.100000000000000000e+01 1.986258099999999871e+01
1.100000000000000000e+01 1.984994199999999864e+01
1.200000000000000000e+01 2.124737999999999971e+01
1.000000000000000000e+01 1.582587799999999945e+01
9.000000000000000000e+00 9.125928000000000040e+00
1.100000000000000000e+01 2.047518900000000031e+01
1.100000000000000000e+01 1.195757000000000048e+01
7.000000000000000000e+00 6.684383000000000408e+00
1.000000000000000000e+01 1.279853100000000055e+01
1.100000000000000000e+01 1.828426199999999824e+01
1.100000000000000000e+01 2.250501099999999965e+01
1.300000000000000000e+01 2.459653899999999993e+01
7.000000000000000000e+00 9.672214000000000311e+00
9.000000000000000000e+00 1.174451000000000001e+01
1.100000000000000000e+01 1.418560599999999994e+01
1.300000000000000000e+01 2.658774599999999921e+01
1.000000000000000000e+01 1.690687600000000046e+01
7.000000000000000000e+00 7.366417000000000215e+00
1.100000000000000000e+01 1.657581000000000060e+01
1.000000000000000000e+01 1.842528300000000030e+01
9.000000000000000000e+00 7.941453000000000095e+00
1.300000000000000000e+01 2.372196100000000030e+01
8.000000000000000000e+00 7.941448000000000285e+00
1.300000000000000000e+01 1.668186800000000147e+01
1.300000000000000000e+01 2.593388099999999952e+01
1.100000000000000000e+01 1.413819499999999962e+01
1.200000000000000000e+01 1.673391900000000021e+01
1.100000000000000000e+01 2.081134099999999876e+01
1.200000000000000000e+01 2.581806399999999968e+01
1.200000000000000000e+01 1.524315700000000007e+01
1.400000000000000000e+01 2.126375499999999974e+01
9.000000000000000000e+00 1.271497500000000080e+01
9.000000000000000000e+00 1.688373899999999850e+01
9.000000000000000000e+00 1.152821100000000065e+01
1.300000000000000000e+01 1.589843199999999968e+01
1.000000000000000000e+01 1.630151599999999945e+01
1.000000000000000000e+01 1.562073700000000009e+01
1.300000000000000000e+01 2.253695700000000102e+01
1.100000000000000000e+01 1.449001799999999918e+01
1.300000000000000000e+01 1.917628799999999956e+01
1.400000000000000000e+01 2.334282500000000127e+01
9.000000000000000000e+00 1.807552000000000092e+01
1.100000000000000000e+01 1.264150700000000072e+01
1.200000000000000000e+01 2.266378800000000027e+01
1.100000000000000000e+01 2.029418599999999984e+01
1.100000000000000000e+01 1.351302599999999998e+01
1.100000000000000000e+01 2.066204000000000107e+01
1.000000000000000000e+01 1.128185099999999963e+01
1.100000000000000000e+01 2.044558500000000123e+01
9.000000000000000000e+00 7.070012000000000185e+00
1.000000000000000000e+01 1.733250100000000060e+01
1.200000000000000000e+01 2.130686999999999998e+01
8.000000000000000000e+00 8.104884000000000199e+00
9.000000000000000000e+00 8.018556999999999491e+00
1.100000000000000000e+01 2.120230799999999860e+01
1.000000000000000000e+01 1.451323200000000035e+01
1.300000000000000000e+01 1.632425699999999935e+01
1.100000000000000000e+01 2.312082399999999893e+01
1.100000000000000000e+01 1.576753800000000005e+01
1.100000000000000000e+01 1.920684800000000081e+01
1.300000000000000000e+01 1.539697299999999913e+01
7.000000000000000000e+00 9.454247999999999763e+00
7.000000000000000000e+00 6.737968000000000401e+00
1.200000000000000000e+01 2.051516200000000012e+01
1.200000000000000000e+01 1.880537199999999842e+01
7.000000000000000000e+00 4.997226999999999641e+00
1.000000000000000000e+01 1.388661699999999932e+01
1.000000000000000000e+01 1.348527900000000024e+01
1.200000000000000000e+01 2.203056799999999882e+01
1.200000000000000000e+01 1.576581900000000047e+01
1.000000000000000000e+01 1.221496999999999922e+01
1.100000000000000000e+01 1.659356999999999971e+01
1.000000000000000000e+01 1.236365400000000037e+01
1.300000000000000000e+01 1.590318800000000010e+01
1.200000000000000000e+01 2.257577600000000118e+01
1.000000000000000000e+01 1.394075199999999981e+01
1.300000000000000000e+01 2.705088200000000143e+01
9.000000000000000000e+00 1.152518000000000065e+01
1.200000000000000000e+01 2.268773499999999999e+01
1.300000000000000000e+01 2.497905799999999843e+01
1.000000000000000000e+01 1.296106299999999933e+01
8.000000000000000000e+00 1.220165599999999984e+01
1.200000000000000000e+01 1.857417200000000079e+01
9.000000000000000000e+00 1.280188000000000059e+01
1.200000000000000000e+01 1.434487599999999929e+01
1.200000000000000000e+01 1.946273000000000053e+01
8.000000000000000000e+00 9.079819000000000528e+00
1.100000000000000000e+01 1.695802899999999980e+01
1.000000000000000000e+00 0.000000000000000000e+00
1.000000000000000000e+00 0.000000000000000000e+00
1.000000000000000000e+00 0.000000000000000000e+00
1.000000000000000000e+00 0.000000000000000000e+00
1.000000000000000000e+00 0.000000000000000000e+00
1.000000000000000000e+00 0.000000000000000000e+00
1.000000000000000000e+00 0.000000000000000000e+00
1.000000000000000000e+00 0.000000000000000000e+00
1.000000000000000000e+00 0.000000000000000000e+00
1.000000000000000000e+00 0.000000000000000000e+00
1.000000000000000000e+00 0.000000000000000000e+00
1.000000000000000000e+00 0.000000000000000000e+00
1.000000000000000000e+00 0.000000000000000000e+00
1.000000000000000000e+00 0.000000000000000000e+00
1.000000000000000000e+00 0.000000000000000000e+00
1.000000000000000000e+00 0.000000000000000000e+00
1.000000000000000000e+00 0.000000000000000000e+00
1.000000000000000000e+00 0.000000000000000000e+00
1.000000000000000000e+00 0.000000000000000000e+00
1.000000000000000000e+00 0.000000000000000000e+00
1.000000000000000000e+00 0.000000000000000000e+00
1.000000000000000000e+00 0.000000000000000000e+00
1.000000000000000000e+00 0.000000000000000000e+00
1.000000000000000000e+00 0.000000000000000000e+00
1.000000000000000000e+00 0.000000000000000000e+00
2.000000000000000000e+00 1.241673999999999944e+00
2.000000000000000000e+00 9.173839999999999772e-01
2.000000000000000000e+00 5.410000000000000225e-02
2.000000000000000000e+00 3.090410000000000101e-01
2.000000000000000000e+00 2.357559999999999933e-01
2.000000000000000000e+00 8.497460000000000013e-01
2.000000000000000000e+00 9.970229999999999926e-01
2.000000000000000000e+00 7.961169999999999636e-01
2.000000000000000000e+00 7.422299999999999454e-01
2.000000000000000000e+00 6.816910000000000469e-01
2.000000000000000000e+00 1.181197000000000052e+00
2.000000000000000000e+00 1.117370999999999892e+00
2.000000000000000000e+00 8.734359999999999902e-01
2.000000000000000000e+00 7.914809999999999901e-01
2.000000000000000000e+00 3.537440000000000029e-01
2.000000000000000000e+00 1.202455000000000052e+00
2.000000000000000000e+00 1.712940000000000018e-01
2.000000000000000000e+00 6.794590000000000352e-01
2.000000000000000000e+00 3.342080000000000051e-01
2.000000000000000000e+00 6.656549999999999967e-01
2.000000000000000000e+00 8.150269999999999460e-01
2.000000000000000000e+00 8.723659999999999748e-01
2.000000000000000000e+00 2.202490000000000003e-01
2.000000000000000000e+00 6.985109999999999930e-01
2.000000000000000000e+00 6.255349999999999522e-01
3.000000000000000000e+00 5.136060000000000070e-01
3.000000000000000000e+00 1.908301000000000025e+00
3.000000000000000000e+00 1.620098000000000038e+00
3.000000000000000000e+00 6.626100000000000045e-02
3.000000000000000000e+00 2.157335999999999920e+00
3.000000000000000000e+00 1.784632999999999914e+00
3.000000000000000000e+00 2.331669000000000214e+00
3.000000000000000000e+00 2.090530999999999917e+00
3.000000000000000000e+00 1.477659999999999973e+00
3.000000000000000000e+00 1.459468999999999905e+00
3.000000000000000000e+00 1.015959999999999974e+00
3.000000000000000000e+00 1.218471000000000082e+00
3.000000000000000000e+00 8.784560000000000146e-01
3.000000000000000000e+00 1.538589999999999902e+00
3.000000000000000000e+00 1.044334000000000096e+00
3.000000000000000000e+00 9.479220000000000423e-01
3.000000000000000000e+00 2.307491999999999877e+00
3.000000000000000000e+00 1.203337000000000101e+00
3.000000000000000000e+00 1.596959999999999935e+00
3.000000000000000000e+00 1.433708999999999900e+00
3.000000000000000000e+00 1.465071000000000012e+00
3.000000000000000000e+00 9.397379999999999622e-01
3.000000000000000000e+00 2.410401999999999934e+00
3.000000000000000000e+00 2.116157999999999983e+00
3.000000000000000000e+00 2.415799999999999947e+00
4.000000000000000000e+00 2.873059000000000029e+00
4.000000000000000000e+00 3.410903999999999936e+00
4.000000000000000000e+00 1.679365999999999914e+00
4.000000000000000000e+00 2.355685999999999947e+00
4.000000000000000000e+00 2.982765000000000111e+00
4.000000000000000000e+00 2.951858999999999789e+00
4.000000000000000000e+00 3.379726999999999926e+00
4.000000000000000000e+00 5.471333999999999698e+00
4.000000000000000000e+00 1.502169000000000088e+00
4.000000000000000000e+00 1.535452000000000039e+00
4.000000000000000000e+00 3.536131000000000135e+00
4.000000000000000000e+00 2.944335000000000147e+00
4.000000000000000000e+00 2.664775000000000116e+00
4.000000000000000000e+00 1.862184000000000061e+00
4.000000000000000000e+00 2.502102999999999966e+00
4.000000000000000000e+00 3.781537000000000148e+00
4.000000000000000000e+00 5.535807000000000144e+00
4.000000000000000000e+00 2.731377000000000166e+00
4.000000000000000000e+00 3.410626000000000158e+00
4.000000000000000000e+00 1.941999999999999948e+00
4.000000000000000000e+00 2.423823000000000061e+00
4.000000000000000000e+00 2.367783999999999889e+00
4.000000000000000000e+00 1.453451999999999966e+00
4.000000000000000000e+00 2.237840999999999969e+00
4.000000000000000000e+00 5.018089999999999939e+00
1.500000000000000000e+01 2.794907100000000000e+01
1.500000000000000000e+01 2.362079800000000063e+01
1.500000000000000000e+01 2.399654500000000112e+01
1.500000000000000000e+01 3.008879100000000051e+01
1.500000000000000000e+01 3.318261100000000141e+01
1.500000000000000000e+01 2.567434000000000083e+01
1.500000000000000000e+01 2.576470899999999986e+01
1.500000000000000000e+01 2.531312899999999999e+01
1.500000000000000000e+01 2.866018700000000052e+01
1.500000000000000000e+01 2.449247899999999944e+01
1.500000000000000000e+01 2.693683700000000059e+01
1.500000000000000000e+01 3.271551000000000187e+01
1.500000000000000000e+01 2.814374700000000118e+01
1.500000000000000000e+01 2.781160799999999966e+01
1.500000000000000000e+01 2.753059400000000068e+01
1.600000000000000000e+01 3.002116600000000091e+01
1.600000000000000000e+01 3.604292800000000341e+01
1.600000000000000000e+01 2.734452299999999880e+01
1.600000000000000000e+01 3.433617000000000274e+01
1.600000000000000000e+01 3.518069200000000052e+01
1.600000000000000000e+01 3.268762100000000004e+01
1.600000000000000000e+01 2.986679699999999826e+01
1.600000000000000000e+01 3.578141899999999964e+01
1.600000000000000000e+01 3.238756800000000169e+01
1.600000000000000000e+01 3.386077499999999674e+01
1.600000000000000000e+01 3.025555100000000053e+01
1.600000000000000000e+01 2.518508399999999980e+01
1.600000000000000000e+01 3.790573100000000295e+01
1.600000000000000000e+01 2.665309299999999837e+01
1.600000000000000000e+01 2.962632400000000032e+01
1.700000000000000000e+01 3.477477900000000233e+01
1.700000000000000000e+01 2.647506500000000074e+01
1.700000000000000000e+01 3.370252800000000093e+01
1.700000000000000000e+01 3.247805000000000319e+01
1.700000000000000000e+01 3.625287099999999896e+01
1.700000000000000000e+01 3.119189799999999835e+01
1.700000000000000000e+01 3.986582599999999843e+01
1.700000000000000000e+01 3.522083400000000353e+01
1.700000000000000000e+01 2.532904399999999967e+01
1.700000000000000000e+01 3.277254299999999887e+01
1.700000000000000000e+01 3.099472000000000094e+01
1.700000000000000000e+01 3.530849400000000315e+01
1.700000000000000000e+01 2.870422500000000099e+01
1.700000000000000000e+01 3.220527200000000079e+01
1.700000000000000000e+01 2.100546299999999889e+01
1.800000000000000000e+01 4.471735199999999821e+01
1.800000000000000000e+01 3.743002899999999755e+01
1.800000000000000000e+01 3.697962100000000163e+01
1.800000000000000000e+01 3.816490499999999741e+01
1.800000000000000000e+01 3.702955599999999947e+01
1.800000000000000000e+01 3.952212300000000056e+01
1.800000000000000000e+01 2.628721399999999875e+01
1.800000000000000000e+01 3.305862299999999721e+01
1.800000000000000000e+01 3.130464600000000175e+01
1.800000000000000000e+01 3.755979399999999657e+01
1.800000000000000000e+01 3.575530200000000036e+01
1.800000000000000000e+01 3.997503700000000038e+01
1.800000000000000000e+01 4.233614699999999686e+01
1.800000000000000000e+01 3.839307500000000317e+01
1.800000000000000000e+01 3.879042400000000157e+01
1.900000000000000000e+01 4.441074299999999653e+01
1.900000000000000000e+01 3.828155799999999687e+01
1.900000000000000000e+01 3.665864299999999787e+01
1.900000000000000000e+01 4.283740499999999685e+01
1.900000000000000000e+01 4.259109500000000281e+01
1.900000000000000000e+01 4.065616800000000097e+01
1.900000000000000000e+01 3.808469800000000305e+01
1.900000000000000000e+01 3.049184899999999843e+01
1.900000000000000000e+01 4.159526499999999771e+01
1.900000000000000000e+01 4.593240200000000328e+01
1.900000000000000000e+01 3.823149999999999693e+01
1.900000000000000000e+01 4.071312900000000212e+01
1.900000000000000000e+01 4.084690400000000210e+01
1.900000000000000000e+01 4.057252100000000183e+01
1.900000000000000000e+01 5.062231500000000040e+01
2.000000000000000000e+01 4.616038799999999753e+01
2.000000000000000000e+01 4.403523100000000312e+01
2.000000000000000000e+01 4.866563099999999764e+01
2.000000000000000000e+01 4.296706100000000106e+01
2.000000000000000000e+01 4.503012600000000276e+01
2.000000000000000000e+01 4.669086099999999817e+01
2.000000000000000000e+01 3.898120200000000324e+01
2.000000000000000000e+01 4.821042400000000328e+01
2.000000000000000000e+01 4.533258899999999869e+01
2.000000000000000000e+01 4.024831700000000012e+01
2.000000000000000000e+01 4.193812299999999738e+01
2.000000000000000000e+01 4.783958899999999659e+01
2.000000000000000000e+01 4.103807900000000330e+01
2.000000000000000000e+01 4.323564400000000063e+01
2.000000000000000000e+01 4.770279299999999978e+01
2.000000000000000000e+01 4.758717699999999695e+01
2.000000000000000000e+01 3.858813700000000324e+01
2.000000000000000000e+01 4.929768700000000337e+01
2.000000000000000000e+01 4.504509099999999933e+01
2.000000000000000000e+01 4.801136000000000337e+01
2.000000000000000000e+01 5.143137999999999721e+01
2.000000000000000000e+01 4.223280299999999698e+01
2.000000000000000000e+01 4.040575900000000331e+01
2.000000000000000000e+01 4.499644500000000136e+01
2.000000000000000000e+01 4.615719800000000106e+01
