1.000000000000000000e+01 1.152326300000000003e+01
1.100000000000000000e+01 1.336749999999999972e+01
9.000000000000000000e+00 1.343451800000000063e+01
1.100000000000000000e+01 1.271892099999999992e+01
7.000000000000000000e+00 9.041365000000000762e+00
1.000000000000000000e+01 1.227719300000000047e+01
1.200000000000000000e+01 1.384483600000000081e+01
1.000000000000000000e+01 1.253141300000000058e+01
1.000000000000000000e+01 1.175901200000000024e+01
1.000000000000000000e+01 1.047943300000000022e+01
9.000000000000000000e+00 1.115430199999999950e+01
1.000000000000000000e+01 1.096783300000000061e+01
9.000000000000000000e+00 1.321874700000000047e+01
1.100000000000000000e+01 1.084385800000000089e+01
9.000000000000000000e+00 1.264783100000000005e+01
1.300000000000000000e+01 1.447784599999999955e+01
1.100000000000000000e+01 1.201228599999999958e+01
1.000000000000000000e+01 1.295916300000000021e+01
8.000000000000000000e+00 1.000924400000000070e+01
9.000000000000000000e+00 1.090099799999999952e+01
1.100000000000000000e+01 1.102070600000000056e+01
1.000000000000000000e+01 1.098708799999999997e+01
1.100000000000000000e+01 1.214729099999999917e+01
8.000000000000000000e+00 1.195036499999999968e+01
1.000000000000000000e+01 1.171927200000000013e+01
1.100000000000000000e+01 1.435861399999999932e+01
9.000000000000000000e+00 1.217553400000000074e+01
1.500000000000000000e+01 1.327377099999999999e+01
8.000000000000000000e+00 1.020332299999999925e+01
8.000000000000000000e+00 1.005975699999999939e+01
9.000000000000000000e+00 1.265067200000000014e+01
1.100000000000000000e+01 1.041156900000000007e+01
9.000000000000000000e+00 1.257963200000000015e+01
1.100000000000000000e+01 1.238525800000000032e+01
1.100000000000000000e+01 1.308434399999999975e+01
1.000000000000000000e+01 1.219714199999999948e+01
1.400000000000000000e+01 1.187148700000000012e+01
9.000000000000000000e+00 1.026824000000000048e+01
1.000000000000000000e+01 1.229341900000000010e+01
1.000000000000000000e+01 1.233386400000000016e+01
9.000000000000000000e+00 1.095537400000000083e+01
1.000000000000000000e+01 9.815303000000000111e+00
1.100000000000000000e+01 1.355395399999999917e+01
1.000000000000000000e+01 1.110503199999999957e+01
1.100000000000000000e+01 1.250692699999999924e+01
1.100000000000000000e+01 1.158534200000000070e+01
9.000000000000000000e+00 1.079756700000000080e+01
1.000000000000000000e+01 1.364134499999999939e+01
9.000000000000000000e+00 1.000396699999999939e+01
1.100000000000000000e+01 1.047714399999999912e+01
1.000000000000000000e+01 1.342831400000000031e+01
8.000000000000000000e+00 1.099077300000000079e+01
1.000000000000000000e+01 1.135453299999999999e+01
8.000000000000000000e+00 1.037665800000000083e+01
1.200000000000000000e+01 1.247814100000000082e+01
8.000000000000000000e+00 1.094552999999999976e+01
9.000000000000000000e+00 1.281777199999999972e+01
1.200000000000000000e+01 1.136363700000000065e+01
1.000000000000000000e+01 1.385896299999999925e+01
1.000000000000000000e+01 1.100425100000000000e+01
1.100000000000000000e+01 1.028085699999999925e+01
1.000000000000000000e+01 1.176803999999999917e+01
8.000000000000000000e+00 1.015175600000000067e+01
1.000000000000000000e+01 1.397119799999999934e+01
9.000000000000000000e+00 1.182266300000000037e+01
1.000000000000000000e+01 1.378774100000000047e+01
6.000000000000000000e+00 9.499107999999999663e+00
9.000000000000000000e+00 1.041536400000000029e+01
1.000000000000000000e+01 1.309555800000000048e+01
7.000000000000000000e+00 9.952341999999999800e+00
1.000000000000000000e+01 1.110532000000000075e+01
9.000000000000000000e+00 1.150194399999999995e+01
1.000000000000000000e+01 1.151010199999999983e+01
1.200000000000000000e+01 1.373997400000000013e+01
1.000000000000000000e+01 1.154616099999999967e+01
1.000000000000000000e+01 1.397121199999999952e+01
8.000000000000000000e+00 9.958360000000000767e+00
9.000000000000000000e+00 1.363840800000000009e+01
9.000000000000000000e+00 9.620720999999999634e+00
9.000000000000000000e+00 1.001911100000000054e+01
1.000000000000000000e+01 1.060345099999999974e+01
1.400000000000000000e+01 1.195387700000000031e+01
1.000000000000000000e+01 1.279170200000000079e+01
9.000000000000000000e+00 1.288283500000000004e+01
8.000000000000000000e+00 1.316749300000000034e+01
8.000000000000000000e+00 1.428301599999999993e+01
9.000000000000000000e+00 1.099877000000000038e+01
1.000000000000000000e+01 1.111389999999999922e+01
8.000000000000000000e+00 1.413147099999999945e+01
7.000000000000000000e+00 9.945209999999999440e+00
1.100000000000000000e+01 1.337386300000000006e+01
1.000000000000000000e+01 1.071420900000000032e+01
1.000000000000000000e+01 1.428148200000000045e+01
9.000000000000000000e+00 1.194490799999999986e+01
7.000000000000000000e+00 9.414381999999999806e+00
1.100000000000000000e+01 1.166761400000000037e+01
1.200000000000000000e+01 1.300644899999999993e+01
9.000000000000000000e+00 1.097603999999999935e+01
1.000000000000000000e+01 1.417063399999999973e+01
1.200000000000000000e+01 1.184199599999999997e+01
1.000000000000000000e+01 1.339162400000000019e+01
8.000000000000000000e+00 9.661082999999999643e+00
8.000000000000000000e+00 1.017418200000000006e+01
1.100000000000000000e+01 1.196973500000000001e+01
7.000000000000000000e+00 9.876243000000000549e+00
1.100000000000000000e+01 1.353582199999999958e+01
1.100000000000000000e+01 1.366679500000000047e+01
9.000000000000000000e+00 1.241987699999999961e+01
9.000000000000000000e+00 1.138320200000000071e+01
8.000000000000000000e+00 1.231991700000000023e+01
9.000000000000000000e+00 1.383485499999999924e+01
8.000000000000000000e+00 1.146684800000000060e+01
9.000000000000000000e+00 1.382110800000000062e+01
1.000000000000000000e+01 1.289695999999999998e+01
1.000000000000000000e+01 1.490352599999999939e+01
9.000000000000000000e+00 9.776498999999999384e+00
8.000000000000000000e+00 1.193210700000000024e+01
1.000000000000000000e+01 1.029024099999999997e+01
1.000000000000000000e+01 1.403250099999999989e+01
1.300000000000000000e+01 1.171053299999999986e+01
8.000000000000000000e+00 9.548500999999999905e+00
1.000000000000000000e+01 1.064891000000000076e+01
1.000000000000000000e+01 1.388760599999999990e+01
1.000000000000000000e+01 1.219726099999999924e+01
1.000000000000000000e+01 1.416968499999999942e+01
1.000000000000000000e+01 1.150858799999999960e+01
9.000000000000000000e+00 1.258992300000000064e+01
1.000000000000000000e+01 1.300857599999999969e+01
9.000000000000000000e+00 1.349807200000000051e+01
9.000000000000000000e+00 1.118915600000000055e+01
1.200000000000000000e+01 1.277327900000000049e+01
9.000000000000000000e+00 9.978011999999999659e+00
9.000000000000000000e+00 1.179251099999999930e+01
8.000000000000000000e+00 9.940046999999999855e+00
9.000000000000000000e+00 1.071313899999999997e+01
9.000000000000000000e+00 1.411979900000000043e+01
7.000000000000000000e+00 9.788864999999999483e+00
1.000000000000000000e+01 1.061785000000000068e+01
1.000000000000000000e+01 1.100355899999999920e+01
1.000000000000000000e+01 1.080670800000000042e+01
8.000000000000000000e+00 1.183609200000000072e+01
1.100000000000000000e+01 1.203763499999999986e+01
9.000000000000000000e+00 9.718861000000000416e+00
8.000000000000000000e+00 1.114846400000000060e+01
9.000000000000000000e+00 1.224169200000000046e+01
9.000000000000000000e+00 1.094971499999999942e+01
8.000000000000000000e+00 9.662133000000000749e+00
1.100000000000000000e+01 9.948173000000000599e+00
8.000000000000000000e+00 1.108464299999999980e+01
1.000000000000000000e+01 1.294862299999999955e+01
7.000000000000000000e+00 9.806352999999999653e+00
9.000000000000000000e+00 1.072034599999999926e+01
9.000000000000000000e+00 1.102807400000000015e+01
9.000000000000000000e+00 1.219959099999999985e+01
1.000000000000000000e+01 1.127628900000000023e+01
9.000000000000000000e+00 1.029829999999999934e+01
9.000000000000000000e+00 1.202354300000000009e+01
1.000000000000000000e+01 1.370956499999999956e+01
9.000000000000000000e+00 1.309715600000000002e+01
1.200000000000000000e+01 1.349875300000000067e+01
8.000000000000000000e+00 1.386727499999999935e+01
1.200000000000000000e+01 1.411313999999999957e+01
1.300000000000000000e+01 1.389453100000000063e+01
9.000000000000000000e+00 1.085284300000000002e+01
7.000000000000000000e+00 9.695339999999999847e+00
9.000000000000000000e+00 1.134631000000000078e+01
1.100000000000000000e+01 1.247134800000000077e+01
1.000000000000000000e+01 6.351475999999999900e+00
1.100000000000000000e+01 1.577460300000000082e+01
1.100000000000000000e+01 1.630072300000000141e+01
1.200000000000000000e+01 1.950877300000000147e+01
1.000000000000000000e+01 1.521901300000000035e+01
9.000000000000000000e+00 9.745214999999999961e+00
9.000000000000000000e+00 1.296040900000000029e+01
1.100000000000000000e+01 1.524751599999999918e+01
1.200000000000000000e+01 1.990329699999999846e+01
1.200000000000000000e+01 1.992339000000000127e+01
9.000000000000000000e+00 1.139804999999999957e+01
1.100000000000000000e+01 1.238724599999999931e+01
9.000000000000000000e+00 9.813055999999999557e+00
8.000000000000000000e+00 1.107968200000000003e+01
1.100000000000000000e+01 1.676559900000000169e+01
1.100000000000000000e+01 2.187185799999999958e+01
1.100000000000000000e+01 1.689716599999999858e+01
1.200000000000000000e+01 1.422653700000000043e+01
9.000000000000000000e+00 1.317627200000000087e+01
1.300000000000000000e+01 2.283294300000000021e+01
1.000000000000000000e+01 1.166690299999999958e+01
1.400000000000000000e+01 2.510541100000000014e+01
1.000000000000000000e+01 1.178447899999999926e+01
1.100000000000000000e+01 1.697381299999999982e+01
1.000000000000000000e+01 1.601516200000000012e+01
1.300000000000000000e+01 2.356138100000000080e+01
1.000000000000000000e+01 1.331340900000000005e+01
1.000000000000000000e+01 1.339808400000000077e+01
1.000000000000000000e+01 1.366934700000000014e+01
1.100000000000000000e+01 1.481005799999999972e+01
1.100000000000000000e+01 1.673165499999999994e+01
1.300000000000000000e+01 1.921688500000000133e+01
1.100000000000000000e+01 1.606650000000000134e+01
1.000000000000000000e+01 1.390165299999999959e+01
9.000000000000000000e+00 1.065343400000000074e+01
1.000000000000000000e+01 1.749431799999999981e+01
1.100000000000000000e+01 1.468434799999999996e+01
1.100000000000000000e+01 1.523550299999999957e+01
6.000000000000000000e+00 6.543642000000000181e+00
1.200000000000000000e+01 2.024780300000000111e+01
1.300000000000000000e+01 2.344174100000000038e+01
1.300000000000000000e+01 1.622429500000000147e+01
1.000000000000000000e+01 1.542218399999999967e+01
1.100000000000000000e+01 1.587383299999999942e+01
1.100000000000000000e+01 1.834218600000000166e+01
1.000000000000000000e+01 1.794254300000000057e+01
9.000000000000000000e+00 8.447606999999999644e+00
9.000000000000000000e+00 1.217980499999999999e+01
1.000000000000000000e+01 2.039429900000000018e+01
9.000000000000000000e+00 1.309957799999999928e+01
1.200000000000000000e+01 1.944066499999999920e+01
9.000000000000000000e+00 7.406551000000000329e+00
7.000000000000000000e+00 6.684383000000000408e+00
1.400000000000000000e+01 2.532220999999999833e+01
1.000000000000000000e+01 1.194944100000000020e+01
1.100000000000000000e+01 2.020519300000000129e+01
7.000000000000000000e+00 1.149056799999999967e+01
1.200000000000000000e+01 1.867812899999999843e+01
8.000000000000000000e+00 1.174382199999999976e+01
9.000000000000000000e+00 1.107570499999999925e+01
9.000000000000000000e+00 1.164236400000000060e+01
1.000000000000000000e+01 1.245841099999999990e+01
9.000000000000000000e+00 9.622332999999999359e+00
1.200000000000000000e+01 1.736479100000000031e+01
9.000000000000000000e+00 1.308070000000000022e+01
1.100000000000000000e+01 1.500410199999999961e+01
1.100000000000000000e+01 1.304674100000000081e+01
1.100000000000000000e+01 2.073268799999999956e+01
1.300000000000000000e+01 1.947221499999999850e+01
8.000000000000000000e+00 9.132877000000000578e+00
1.400000000000000000e+01 2.537528299999999959e+01
1.300000000000000000e+01 2.368393700000000024e+01
1.100000000000000000e+01 1.953728800000000021e+01
9.000000000000000000e+00 1.056416399999999989e+01
9.000000000000000000e+00 9.763759000000000299e+00
1.300000000000000000e+01 1.810524500000000003e+01
1.100000000000000000e+01 1.638812700000000078e+01
1.200000000000000000e+01 2.360926900000000117e+01
1.000000000000000000e+01 1.005471000000000004e+01
9.000000000000000000e+00 1.255837200000000031e+01
8.000000000000000000e+00 6.307883999999999602e+00
9.000000000000000000e+00 1.400915799999999933e+01
1.300000000000000000e+01 2.164574199999999848e+01
1.000000000000000000e+01 1.193862900000000060e+01
1.000000000000000000e+01 1.773898399999999853e+01
1.200000000000000000e+01 1.651062900000000155e+01
1.200000000000000000e+01 1.350301400000000029e+01
1.400000000000000000e+01 3.003177499999999966e+01
1.000000000000000000e+01 9.922743999999999787e+00
9.000000000000000000e+00 1.126074099999999945e+01
1.100000000000000000e+01 1.604187999999999903e+01
1.100000000000000000e+01 1.636770299999999878e+01
1.300000000000000000e+01 2.581148100000000056e+01
1.300000000000000000e+01 2.605976199999999920e+01
8.000000000000000000e+00 8.757516999999999996e+00
1.200000000000000000e+01 1.114970600000000012e+01
1.100000000000000000e+01 1.631593799999999916e+01
1.100000000000000000e+01 1.809668100000000024e+01
1.200000000000000000e+01 1.381587000000000032e+01
9.000000000000000000e+00 1.078585799999999928e+01
1.200000000000000000e+01 1.913403299999999874e+01
9.000000000000000000e+00 9.207838999999999885e+00
1.000000000000000000e+01 1.324428499999999964e+01
1.000000000000000000e+01 1.337171900000000058e+01
9.000000000000000000e+00 1.513771099999999947e+01
1.200000000000000000e+01 1.601778399999999891e+01
9.000000000000000000e+00 1.458613199999999921e+01
1.000000000000000000e+01 1.250792599999999943e+01
8.000000000000000000e+00 9.147107000000000099e+00
7.000000000000000000e+00 9.729509999999999437e+00
1.100000000000000000e+01 1.648276100000000000e+01
9.000000000000000000e+00 1.493252299999999977e+01
1.000000000000000000e+01 1.582776499999999942e+01
1.200000000000000000e+01 1.726039400000000157e+01
9.000000000000000000e+00 9.452901999999999916e+00
1.100000000000000000e+01 1.501493299999999920e+01
1.200000000000000000e+01 1.879469699999999932e+01
1.000000000000000000e+01 1.498763100000000037e+01
1.100000000000000000e+01 1.953006200000000092e+01
1.200000000000000000e+01 1.817569800000000058e+01
1.100000000000000000e+01 2.335821200000000175e+01
7.000000000000000000e+00 4.197248000000000090e+00
1.300000000000000000e+01 2.097723900000000086e+01
1.100000000000000000e+01 9.690827000000000524e+00
9.000000000000000000e+00 1.124633900000000075e+01
7.000000000000000000e+00 5.260126999999999775e+00
1.200000000000000000e+01 2.164058299999999946e+01
7.000000000000000000e+00 8.176377999999999702e+00
9.000000000000000000e+00 8.909853000000000023e+00
9.000000000000000000e+00 1.021317600000000070e+01
1.200000000000000000e+01 2.692256799999999828e+01
9.000000000000000000e+00 1.670820300000000103e+01
1.200000000000000000e+01 2.202329900000000151e+01
1.000000000000000000e+01 1.586977500000000063e+01
1.100000000000000000e+01 1.280320299999999989e+01
1.000000000000000000e+01 1.634476300000000037e+01
1.100000000000000000e+01 1.892439600000000155e+01
1.200000000000000000e+01 2.262418500000000066e+01
1.200000000000000000e+01 2.372725799999999907e+01
9.000000000000000000e+00 6.720276000000000138e+00
1.200000000000000000e+01 1.066819399999999973e+01
1.100000000000000000e+01 1.707595600000000147e+01
1.200000000000000000e+01 1.446683299999999939e+01
9.000000000000000000e+00 1.456176400000000015e+01
1.000000000000000000e+01 1.391992699999999950e+01
1.100000000000000000e+01 1.412513799999999975e+01
1.200000000000000000e+01 2.164758600000000044e+01
1.200000000000000000e+01 2.242366699999999824e+01
1.200000000000000000e+01 1.635312400000000110e+01
1.000000000000000000e+01 1.303807800000000050e+01
1.100000000000000000e+01 1.619641000000000020e+01
9.000000000000000000e+00 1.234019799999999911e+01
9.000000000000000000e+00 1.281772800000000068e+01
8.000000000000000000e+00 9.752513999999999683e+00
1.100000000000000000e+01 1.773861700000000141e+01
1.000000000000000000e+01 1.622027500000000089e+01
9.000000000000000000e+00 8.370295000000000485e+00
1.200000000000000000e+01 1.934894600000000153e+01
1.300000000000000000e+01 1.652331699999999870e+01
1.000000000000000000e+01 1.487813500000000033e+01
1.000000000000000000e+01 1.493308799999999970e+01
1.000000000000000000e+01 1.161559899999999956e+01
1.100000000000000000e+01 1.875775700000000157e+01
9.000000000000000000e+00 1.237787600000000054e+01
1.200000000000000000e+01 1.250746799999999936e+01
1.400000000000000000e+01 2.772034999999999982e+01
1.000000000000000000e+01 1.258843099999999993e+01
1.000000000000000000e+01 1.265859500000000004e+01
8.000000000000000000e+00 9.731073000000000306e+00
1.100000000000000000e+01 1.184098200000000034e+01
1.200000000000000000e+01 2.594139399999999895e+01
1.000000000000000000e+01 1.112806800000000074e+01
1.000000000000000000e+01 1.823958800000000124e+01
1.400000000000000000e+01 2.559308800000000161e+01
1.000000000000000000e+01 1.318449500000000008e+01
1.200000000000000000e+01 1.971638099999999838e+01
9.000000000000000000e+00 1.312277800000000028e+01
9.000000000000000000e+00 1.129416999999999938e+01
1.100000000000000000e+01 1.935211899999999829e+01
1.000000000000000000e+01 1.493029100000000042e+01
1.200000000000000000e+01 1.196373900000000035e+01
1.100000000000000000e+01 1.871196700000000135e+01
1.000000000000000000e+01 1.786007899999999893e+01
1.000000000000000000e+01 1.382927699999999938e+01
1.100000000000000000e+01 2.113665699999999958e+01
1.100000000000000000e+01 9.148186000000000817e+00
1.300000000000000000e+01 2.458502999999999972e+01
7.000000000000000000e+00 9.240970000000000795e+00
1.300000000000000000e+01 2.179512000000000072e+01
1.000000000000000000e+01 1.369488999999999912e+01
1.200000000000000000e+01 1.427167299999999983e+01
1.000000000000000000e+01 1.315323700000000073e+01
1.000000000000000000e+01 1.599095799999999912e+01
1.100000000000000000e+01 1.450036899999999918e+01
1.100000000000000000e+01 1.427445200000000014e+01
1.200000000000000000e+01 1.552715399999999946e+01
1.300000000000000000e+01 2.391445200000000071e+01
1.200000000000000000e+01 1.284186300000000003e+01
1.100000000000000000e+01 1.511881200000000014e+01
1.100000000000000000e+01 1.905138699999999830e+01
8.000000000000000000e+00 1.366507700000000014e+01
1.200000000000000000e+01 1.667426499999999834e+01
7.000000000000000000e+00 1.099262300000000003e+01
8.000000000000000000e+00 8.091675000000000395e+00
1.200000000000000000e+01 2.052226299999999881e+01
8.000000000000000000e+00 1.082759399999999950e+01
8.000000000000000000e+00 7.732365999999999850e+00
1.100000000000000000e+01 1.869845199999999963e+01
1.100000000000000000e+01 1.134207499999999946e+01
1.300000000000000000e+01 2.081216300000000174e+01
1.100000000000000000e+01 1.711495499999999836e+01
1.100000000000000000e+01 1.141886500000000026e+01
9.000000000000000000e+00 1.104845199999999927e+01
1.100000000000000000e+01 1.592856899999999953e+01
1.000000000000000000e+01 1.134917699999999918e+01
1.100000000000000000e+01 2.055546800000000118e+01
1.400000000000000000e+01 2.318044099999999830e+01
1.200000000000000000e+01 1.925925600000000060e+01
1.100000000000000000e+01 1.738883399999999924e+01
7.000000000000000000e+00 5.701685999999999588e+00
9.000000000000000000e+00 1.207341599999999993e+01
1.000000000000000000e+01 1.927479200000000148e+01
8.000000000000000000e+00 1.246954000000000029e+01
1.100000000000000000e+01 1.938597899999999896e+01
1.200000000000000000e+01 2.015869299999999953e+01
1.000000000000000000e+01 1.269823700000000066e+01
1.000000000000000000e+01 1.025906699999999994e+01
9.000000000000000000e+00 1.103471200000000074e+01
1.400000000000000000e+01 2.863694599999999824e+01
1.000000000000000000e+01 1.145784899999999951e+01
1.300000000000000000e+01 2.576116499999999832e+01
9.000000000000000000e+00 1.261536899999999939e+01
8.000000000000000000e+00 1.138127700000000075e+01
1.100000000000000000e+01 1.635902099999999848e+01
1.400000000000000000e+01 1.615566700000000111e+01
1.300000000000000000e+01 2.140962299999999985e+01
8.000000000000000000e+00 7.678888999999999854e+00
1.100000000000000000e+01 2.086233599999999910e+01
9.000000000000000000e+00 1.154658799999999985e+01
1.100000000000000000e+01 2.094478399999999851e+01
1.000000000000000000e+01 1.780767200000000017e+01
1.100000000000000000e+01 7.509415999999999869e+00
1.200000000000000000e+01 1.823124699999999976e+01
1.000000000000000000e+01 1.095857999999999954e+01
1.000000000000000000e+01 1.681992199999999826e+01
1.200000000000000000e+01 2.038996900000000068e+01
1.000000000000000000e+01 1.339907700000000013e+01
1.100000000000000000e+01 1.286438899999999919e+01
9.000000000000000000e+00 1.179173399999999994e+01
1.100000000000000000e+01 1.877494199999999935e+01
1.100000000000000000e+01 1.687326799999999949e+01
9.000000000000000000e+00 1.093843099999999957e+01
9.000000000000000000e+00 1.507535999999999987e+01
9.000000000000000000e+00 1.365515800000000013e+01
1.000000000000000000e+01 2.138634700000000066e+01
1.100000000000000000e+01 8.389402999999999722e+00
1.400000000000000000e+01 1.908850500000000139e+01
1.000000000000000000e+01 1.157704099999999947e+01
9.000000000000000000e+00 1.706337299999999857e+01
1.000000000000000000e+01 1.740510799999999847e+01
1.200000000000000000e+01 1.950472999999999857e+01
1.200000000000000000e+01 1.768441199999999824e+01
8.000000000000000000e+00 8.752321000000000240e+00
9.000000000000000000e+00 8.994761999999999702e+00
8.000000000000000000e+00 1.273609000000000080e+01
1.300000000000000000e+01 2.070484499999999883e+01
1.100000000000000000e+01 1.718401100000000170e+01
7.000000000000000000e+00 7.069848999999999606e+00
1.300000000000000000e+01 1.866957800000000134e+01
1.100000000000000000e+01 1.411174899999999965e+01
1.000000000000000000e+01 1.561526399999999981e+01
9.000000000000000000e+00 1.136248699999999978e+01
7.000000000000000000e+00 9.156133999999999773e+00
8.000000000000000000e+00 1.014245700000000028e+01
1.000000000000000000e+01 1.013208500000000001e+01
8.000000000000000000e+00 1.065950699999999962e+01
1.100000000000000000e+01 1.692553300000000149e+01
1.200000000000000000e+01 1.193999299999999941e+01
1.200000000000000000e+01 1.684356199999999859e+01
1.200000000000000000e+01 2.274650600000000011e+01
1.200000000000000000e+01 2.107198500000000152e+01
9.000000000000000000e+00 1.200146799999999914e+01
1.100000000000000000e+01 1.851620600000000039e+01
1.100000000000000000e+01 1.500128699999999959e+01
1.200000000000000000e+01 1.393432400000000015e+01
1.200000000000000000e+01 1.461326700000000045e+01
1.100000000000000000e+01 1.510257499999999986e+01
8.000000000000000000e+00 1.148450000000000060e+01
1.200000000000000000e+01 2.213104099999999974e+01
1.100000000000000000e+01 1.696479799999999827e+01
7.000000000000000000e+00 1.038667000000000051e+01
1.100000000000000000e+01 1.589930299999999974e+01
7.000000000000000000e+00 5.370703999999999922e+00
9.000000000000000000e+00 7.866382999999999903e+00
1.300000000000000000e+01 1.815087199999999967e+01
1.300000000000000000e+01 1.392825999999999986e+01
1.300000000000000000e+01 2.096133800000000136e+01
1.000000000000000000e+01 1.350131599999999921e+01
1.000000000000000000e+01 1.592745000000000033e+01
1.200000000000000000e+01 1.640243699999999905e+01
9.000000000000000000e+00 1.611575799999999958e+01
1.000000000000000000e+01 1.597530899999999932e+01
1.300000000000000000e+01 2.321632999999999925e+01
1.000000000000000000e+01 1.704993199999999831e+01
1.100000000000000000e+01 1.813651199999999974e+01
9.000000000000000000e+00 6.779085000000000250e+00
8.000000000000000000e+00 8.850792000000000215e+00
1.300000000000000000e+01 2.092600799999999950e+01
7.000000000000000000e+00 6.059409999999999741e+00
1.100000000000000000e+01 1.599993000000000087e+01
1.300000000000000000e+01 1.798353300000000132e+01
1.000000000000000000e+01 1.639977899999999877e+01
1.000000000000000000e+01 1.424783900000000081e+01
1.100000000000000000e+01 1.520445199999999986e+01
1.300000000000000000e+01 2.790048699999999826e+01
7.000000000000000000e+00 6.163935999999999638e+00
1.200000000000000000e+01 2.169481599999999943e+01
1.000000000000000000e+01 1.466346399999999939e+01
8.000000000000000000e+00 8.988979999999999748e+00
1.100000000000000000e+01 1.635022899999999879e+01
1.300000000000000000e+01 2.775722000000000023e+01
1.200000000000000000e+01 2.129609900000000167e+01
1.200000000000000000e+01 1.828946399999999883e+01
1.300000000000000000e+01 2.180949400000000082e+01
1.100000000000000000e+01 1.157850400000000057e+01
1.100000000000000000e+01 1.679399400000000142e+01
1.200000000000000000e+01 2.036419599999999974e+01
1.100000000000000000e+01 1.920438599999999951e+01
1.000000000000000000e+00 0.000000000000000000e+00
1.000000000000000000e+00 0.000000000000000000e+00
1.000000000000000000e+00 0.000000000000000000e+00
1.000000000000000000e+00 0.000000000000000000e+00
1.000000000000000000e+00 0.000000000000000000e+00
1.000000000000000000e+00 0.000000000000000000e+00
1.000000000000000000e+00 0.000000000000000000e+00
1.000000000000000000e+00 0.000000000000000000e+00
1.000000000000000000e+00 0.000000000000000000e+00
1.000000000000000000e+00 0.000000000000000000e+00
1.000000000000000000e+00 0.000000000000000000e+00
1.000000000000000000e+00 0.000000000000000000e+00
1.000000000000000000e+00 0.000000000000000000e+00
1.000000000000000000e+00 0.000000000000000000e+00
1.000000000000000000e+00 0.000000000000000000e+00
1.000000000000000000e+00 0.000000000000000000e+00
1.000000000000000000e+00 0.000000000000000000e+00
1.000000000000000000e+00 0.000000000000000000e+00
1.000000000000000000e+00 0.000000000000000000e+00
1.000000000000000000e+00 0.000000000000000000e+00
1.000000000000000000e+00 0.000000000000000000e+00
1.000000000000000000e+00 0.000000000000000000e+00
1.000000000000000000e+00 0.000000000000000000e+00
1.000000000000000000e+00 0.000000000000000000e+00
1.000000000000000000e+00 0.000000000000000000e+00
2.000000000000000000e+00 1.266999999999999897e-03
2.000000000000000000e+00 9.281859999999999555e-01
2.000000000000000000e+00 1.045698999999999934e+00
2.000000000000000000e+00 4.328659999999999730e-01
2.000000000000000000e+00 1.055569999999999897e+00
2.000000000000000000e+00 8.156409999999999494e-01
2.000000000000000000e+00 1.283047000000000049e+00
2.000000000000000000e+00 6.443000000000000116e-02
2.000000000000000000e+00 3.763599999999999723e-01
2.000000000000000000e+00 6.767760000000000442e-01
2.000000000000000000e+00 9.935159999999999547e-01
2.000000000000000000e+00 3.062759999999999927e-01
2.000000000000000000e+00 2.724730000000000207e-01
2.000000000000000000e+00 8.445409999999999862e-01
2.000000000000000000e+00 1.124989999999999934e+00
2.000000000000000000e+00 5.253820000000000157e-01
2.000000000000000000e+00 7.199410000000000531e-01
2.000000000000000000e+00 1.222442000000000029e+00
2.000000000000000000e+00 1.196930000000000049e+00
2.000000000000000000e+00 7.928380000000000427e-01
2.000000000000000000e+00 7.692679999999999518e-01
2.000000000000000000e+00 1.122840000000000060e+00
2.000000000000000000e+00 5.757120000000000015e-01
2.000000000000000000e+00 1.017608000000000068e+00
2.000000000000000000e+00 4.582209999999999894e-01
3.000000000000000000e+00 1.585582999999999965e+00
3.000000000000000000e+00 8.984590000000000076e-01
3.000000000000000000e+00 1.407745999999999942e+00
3.000000000000000000e+00 2.618554000000000048e+00
3.000000000000000000e+00 2.872666000000000164e+00
3.000000000000000000e+00 2.066024999999999778e+00
3.000000000000000000e+00 1.660937000000000108e+00
3.000000000000000000e+00 1.506291999999999964e+00
3.000000000000000000e+00 1.075820999999999916e+00
3.000000000000000000e+00 1.286945999999999923e+00
3.000000000000000000e+00 1.429432000000000036e+00
3.000000000000000000e+00 1.274499999999999966e+00
3.000000000000000000e+00 6.339550000000000463e-01
3.000000000000000000e+00 8.493110000000000381e-01
3.000000000000000000e+00 1.359615999999999936e+00
3.000000000000000000e+00 1.119040000000000035e+00
3.000000000000000000e+00 1.435586999999999946e+00
3.000000000000000000e+00 1.974626999999999910e+00
3.000000000000000000e+00 1.572305000000000064e+00
3.000000000000000000e+00 1.296133999999999897e+00
3.000000000000000000e+00 1.122781999999999947e+00
3.000000000000000000e+00 1.920641000000000043e+00
3.000000000000000000e+00 1.263902000000000081e+00
3.000000000000000000e+00 1.431144999999999889e+00
3.000000000000000000e+00 2.559877000000000180e+00
4.000000000000000000e+00 4.328024000000000093e+00
4.000000000000000000e+00 2.405196000000000112e+00
4.000000000000000000e+00 1.762548000000000004e+00
4.000000000000000000e+00 3.481536999999999882e+00
4.000000000000000000e+00 2.988529999999999909e+00
4.000000000000000000e+00 2.187390999999999863e+00
4.000000000000000000e+00 2.525533999999999946e+00
4.000000000000000000e+00 2.715043999999999791e+00
4.000000000000000000e+00 3.031379999999999963e+00
4.000000000000000000e+00 2.643591999999999942e+00
4.000000000000000000e+00 3.539233999999999991e+00
4.000000000000000000e+00 2.160447000000000006e+00
4.000000000000000000e+00 3.378471999999999920e+00
4.000000000000000000e+00 3.760021000000000058e+00
4.000000000000000000e+00 1.903296000000000099e+00
4.000000000000000000e+00 2.155539999999999790e+00
4.000000000000000000e+00 2.962543000000000148e+00
4.000000000000000000e+00 2.419826000000000032e+00
4.000000000000000000e+00 2.271987000000000201e+00
4.000000000000000000e+00 1.770952999999999999e+00
4.000000000000000000e+00 2.755435999999999996e+00
4.000000000000000000e+00 2.290388000000000090e+00
4.000000000000000000e+00 1.950992999999999977e+00
4.000000000000000000e+00 2.092328999999999883e+00
4.000000000000000000e+00 3.022445999999999966e+00
1.500000000000000000e+01 1.915056999999999832e+01
1.500000000000000000e+01 2.594746100000000055e+01
1.500000000000000000e+01 1.962921100000000152e+01
1.500000000000000000e+01 2.452828500000000034e+01
1.500000000000000000e+01 3.074274199999999979e+01
1.500000000000000000e+01 3.386332600000000070e+01
1.500000000000000000e+01 3.519680100000000067e+01
1.500000000000000000e+01 3.292820900000000250e+01
1.500000000000000000e+01 2.095639999999999858e+01
1.500000000000000000e+01 2.415030199999999994e+01
1.500000000000000000e+01 3.418740900000000238e+01
1.500000000000000000e+01 2.799539700000000053e+01
1.500000000000000000e+01 2.923212200000000038e+01
1.500000000000000000e+01 2.700240600000000057e+01
1.500000000000000000e+01 2.753746999999999900e+01
1.600000000000000000e+01 2.863075100000000006e+01
1.600000000000000000e+01 3.159360500000000016e+01
1.600000000000000000e+01 3.382906100000000293e+01
1.600000000000000000e+01 3.079218799999999945e+01
1.600000000000000000e+01 2.973449799999999854e+01
1.600000000000000000e+01 3.129627999999999943e+01
1.600000000000000000e+01 2.071406899999999851e+01
1.600000000000000000e+01 2.739670100000000019e+01
1.600000000000000000e+01 2.370410899999999899e+01
1.600000000000000000e+01 3.209663900000000325e+01
1.600000000000000000e+01 3.122583900000000057e+01
1.600000000000000000e+01 2.899771300000000096e+01
1.600000000000000000e+01 3.203675700000000148e+01
1.600000000000000000e+01 2.729937100000000072e+01
1.600000000000000000e+01 2.994887999999999906e+01
1.700000000000000000e+01 3.267943799999999754e+01
1.700000000000000000e+01 2.469054300000000168e+01
1.700000000000000000e+01 2.164731000000000094e+01
1.700000000000000000e+01 2.944967700000000121e+01
1.700000000000000000e+01 2.875120000000000076e+01
1.700000000000000000e+01 3.411457200000000256e+01
1.700000000000000000e+01 2.931068199999999990e+01
1.700000000000000000e+01 3.098151199999999861e+01
1.700000000000000000e+01 3.713070199999999943e+01
1.700000000000000000e+01 3.583104999999999762e+01
1.700000000000000000e+01 3.434515300000000337e+01
1.700000000000000000e+01 3.966850600000000071e+01
1.700000000000000000e+01 3.318397000000000219e+01
1.700000000000000000e+01 3.643775099999999867e+01
1.700000000000000000e+01 3.027867799999999932e+01
1.800000000000000000e+01 3.820653800000000189e+01
1.800000000000000000e+01 3.315065200000000090e+01
1.800000000000000000e+01 3.762415699999999674e+01
1.800000000000000000e+01 4.005934200000000089e+01
1.800000000000000000e+01 3.283457099999999684e+01
1.800000000000000000e+01 4.327196399999999699e+01
1.800000000000000000e+01 4.143160100000000057e+01
1.800000000000000000e+01 3.545026599999999917e+01
1.800000000000000000e+01 4.087352200000000124e+01
1.800000000000000000e+01 4.279226599999999792e+01
1.800000000000000000e+01 3.394019600000000025e+01
1.800000000000000000e+01 3.868578999999999724e+01
1.800000000000000000e+01 3.844061800000000062e+01
1.800000000000000000e+01 2.917887699999999995e+01
1.800000000000000000e+01 3.534440000000000026e+01
1.900000000000000000e+01 3.855780899999999889e+01
1.900000000000000000e+01 3.909184599999999676e+01
1.900000000000000000e+01 4.897485799999999756e+01
1.900000000000000000e+01 5.047337600000000180e+01
1.900000000000000000e+01 3.957241499999999945e+01
1.900000000000000000e+01 4.351606400000000008e+01
1.900000000000000000e+01 4.108927200000000113e+01
1.900000000000000000e+01 3.766531599999999713e+01
1.900000000000000000e+01 3.489791799999999711e+01
1.900000000000000000e+01 3.766935800000000256e+01
1.900000000000000000e+01 4.410991400000000340e+01
1.900000000000000000e+01 4.622628000000000270e+01
1.900000000000000000e+01 4.593605399999999861e+01
1.900000000000000000e+01 4.477015200000000306e+01
1.900000000000000000e+01 4.660538400000000081e+01
2.000000000000000000e+01 4.044129399999999919e+01
2.000000000000000000e+01 4.404234399999999994e+01
2.000000000000000000e+01 4.060712800000000300e+01
2.000000000000000000e+01 5.080598200000000020e+01
2.000000000000000000e+01 4.769140300000000110e+01
2.000000000000000000e+01 4.360200199999999882e+01
2.000000000000000000e+01 4.158554099999999920e+01
2.000000000000000000e+01 4.848224199999999939e+01
2.000000000000000000e+01 4.432350000000000279e+01
2.000000000000000000e+01 4.361612499999999670e+01
2.000000000000000000e+01 3.930882600000000338e+01
2.000000000000000000e+01 4.372021099999999905e+01
2.000000000000000000e+01 4.468942200000000042e+01
2.000000000000000000e+01 4.477129099999999795e+01
2.000000000000000000e+01 4.460742199999999968e+01
2.000000000000000000e+01 3.838603400000000221e+01
2.000000000000000000e+01 3.640884199999999993e+01
2.000000000000000000e+01 4.401098400000000055e+01
2.000000000000000000e+01 4.612780999999999665e+01
2.000000000000000000e+01 4.836527300000000196e+01
2.000000000000000000e+01 4.231960699999999775e+01
2.000000000000000000e+01 4.395832999999999657e+01
2.000000000000000000e+01 4.777802199999999999e+01
2.000000000000000000e+01 4.631659499999999952e+01
2.000000000000000000e+01 4.381320500000000351e+01
