-5.034920000000000329e+01
-5.914119999999999777e+01
-3.792750000000000199e+01
-5.348810000000000286e+01
-6.795940000000000225e+01
-4.710029999999999717e+01
-5.400939999999999941e+01
-5.366069999999999851e+01
-5.603340000000000032e+01
-6.266140000000000043e+01
-4.440129999999999910e+01
-5.826749999999999829e+01
-5.324549999999999983e+01
-4.827129999999999654e+01
-4.291290000000000049e+01
-5.336580000000000013e+01
-4.865760000000000218e+01
-5.522780000000000200e+01
-4.782529999999999859e+01
-5.352360000000000184e+01
-4.725509999999999877e+01
-6.134120000000000061e+01
-4.586939999999999884e+01
-5.943730000000000047e+01
-5.270080000000000098e+01
-5.133599999999999852e+01
-4.609140000000000015e+01
-5.467179999999999751e+01
-4.750110000000000099e+01
-4.597919999999999874e+01
-3.859799999999999898e+01
-5.141140000000000043e+01
-5.113380000000000081e+01
-4.341239999999999810e+01
-4.175450000000000017e+01
-6.291279999999999717e+01
-3.776870000000000260e+01
-4.366899999999999693e+01
-4.426409999999999911e+01
-4.284720000000000084e+01
-5.992490000000000094e+01
-5.141040000000000276e+01
-5.003970000000000340e+01
-3.890870000000000317e+01
-5.694120000000000203e+01
-3.627270000000000039e+01
-6.142949999999999733e+01
-5.671569999999999823e+01
-6.245580000000000354e+01
-4.372010000000000218e+01
-5.611970000000000169e+01
-5.296130000000000138e+01
-4.921959999999999980e+01
-5.118139999999999645e+01
-5.419959999999999667e+01
-5.624479999999999791e+01
-5.501729999999999876e+01
-6.055180000000000007e+01
-5.240390000000000015e+01
-3.847409999999999997e+01
-5.499519999999999698e+01
-5.766250000000000142e+01
-5.401979999999999649e+01
-5.036679999999999779e+01
-5.446770000000000067e+01
-5.609960000000000235e+01
-4.528509999999999991e+01
-4.191360000000000241e+01
-5.172319999999999851e+01
-5.436200000000000188e+01
-4.880380000000000251e+01
-4.860490000000000066e+01
-5.428679999999999950e+01
-5.392669999999999675e+01
-4.732630000000000337e+01
-5.323740000000000094e+01
-4.804270000000000351e+01
-6.021189999999999998e+01
-5.322099999999999653e+01
-6.153979999999999961e+01
-3.137079999999999913e+01
-6.471880000000000166e+01
-5.310009999999999764e+01
-5.152219999999999800e+01
-5.233870000000000289e+01
-6.381349999999999767e+01
-3.943220000000000169e+01
-5.275569999999999737e+01
-5.297950000000000159e+01
-5.738719999999999999e+01
-5.176689999999999969e+01
-3.781609999999999872e+01
-4.517170000000000130e+01
-3.208650000000000091e+01
-6.376319999999999766e+01
-4.868130000000000024e+01
-5.782229999999999848e+01
-5.034199999999999875e+01
-5.538539999999999708e+01
-6.892220000000000368e+01
-5.325130000000000052e+01
-4.194169999999999732e+01
-5.913819999999999766e+01
-3.759519999999999840e+01
-5.193860000000000099e+01
-5.646390000000000242e+01
-6.345989999999999753e+01
-5.663870000000000005e+01
-4.603229999999999933e+01
-4.358239999999999981e+01
-4.897429999999999950e+01
-5.187030000000000030e+01
-6.485960000000000036e+01
-5.733189999999999742e+01
-4.053929999999999723e+01
-4.470940000000000225e+01
-3.683599999999999852e+01
-5.265559999999999974e+01
-4.573270000000000124e+01
-6.811520000000000152e+01
-6.083820000000000050e+01
-5.245580000000000354e+01
-4.971650000000000347e+01
-4.803520000000000323e+01
-4.323319999999999652e+01
-6.448600000000000421e+01
-6.802259999999999707e+01
-4.304110000000000014e+01
-5.333910000000000196e+01
-5.119290000000000163e+01
-4.861399999999999721e+01
-4.163219999999999743e+01
-5.603990000000000293e+01
-5.239370000000000260e+01
-6.222359999999999758e+01
-6.350050000000000239e+01
-6.486369999999999436e+01
-4.341740000000000066e+01
-4.421629999999999683e+01
-4.511229999999999762e+01
-3.926180000000000092e+01
-4.064269999999999783e+01
-5.882079999999999842e+01
-4.820819999999999794e+01
-3.700209999999999866e+01
-6.416349999999999909e+01
-5.918780000000000285e+01
-5.234400000000000119e+01
-5.591420000000000101e+01
-5.689159999999999684e+01
-5.728649999999999665e+01
-5.381029999999999802e+01
-4.843999999999999773e+01
-4.692020000000000124e+01
-5.134810000000000230e+01
-5.290059999999999718e+01
-4.444590000000000174e+01
-4.202150000000000318e+01
-5.281539999999999679e+01
-7.156990000000000407e+01
-5.364359999999999928e+01
-5.283899999999999864e+01
-4.556920000000000215e+01
-5.752909999999999968e+01
-5.232289999999999708e+01
-6.154829999999999757e+01
-5.504410000000000025e+01
-5.523210000000000264e+01
-4.025139999999999674e+01
-5.234049999999999869e+01
-8.173959999999999582e+01
-7.509550000000000125e+01
-7.418439999999999657e+01
-4.319129999999999825e+01
-4.530969999999999942e+01
-5.296900000000000119e+01
-6.650050000000000239e+01
-7.400799999999999557e+01
-3.395459999999999923e+01
-5.387839999999999918e+01
-6.585689999999999600e+01
-7.968899999999999295e+01
-7.251980000000000359e+01
-5.465760000000000218e+01
-7.331260000000000332e+01
-7.228509999999999991e+01
-7.167990000000000350e+01
-5.308070000000000022e+01
-6.139439999999999742e+01
-6.685869999999999891e+01
-5.409819999999999851e+01
-6.859869999999999379e+01
-6.335130000000000194e+01
-6.525900000000000034e+01
-4.397800000000000153e+01
-6.882689999999999486e+01
-5.480559999999999832e+01
-6.275569999999999737e+01
-9.410070000000000334e+01
-9.064480000000000359e+01
-6.413800000000000523e+01
-8.855490000000000350e+01
-8.314199999999999591e+01
-8.149970000000000425e+01
-6.188580000000000325e+01
-5.071280000000000143e+01
-4.316660000000000252e+01
-8.198290000000000077e+01
-6.633580000000000609e+01
-8.470990000000000464e+01
-5.987740000000000151e+01
-3.362420000000000186e+01
-9.474880000000000280e+01
-7.743290000000000362e+01
-4.253929999999999723e+01
-6.300610000000000355e+01
-6.212210000000000321e+01
-4.757730000000000103e+01
-7.730769999999999698e+01
-7.928260000000000218e+01
-6.562099999999999511e+01
-3.747359999999999758e+01
-6.295470000000000255e+01
-3.295280000000000342e+01
-6.235949999999999704e+01
-8.996219999999999573e+01
-5.031869999999999976e+01
-7.633740000000000236e+01
-2.800910000000000011e+01
-6.574339999999999407e+01
-8.157399999999999807e+01
-7.283859999999999957e+01
-8.481279999999999575e+01
-9.248059999999999548e+01
-7.135060000000000002e+01
-5.321860000000000213e+01
-4.874190000000000111e+01
-6.315919999999999845e+01
-4.467830000000000013e+01
-7.723369999999999891e+01
-7.254370000000000118e+01
-8.910049999999999670e+01
-8.329850000000000421e+01
-3.338580000000000325e+01
-4.596640000000000015e+01
-8.417130000000000223e+01
-6.826189999999999714e+01
-5.782480000000000331e+01
-4.671609999999999729e+01
-8.765380000000000393e+01
-5.839030000000000342e+01
-7.208969999999999345e+01
-7.831969999999999743e+01
-5.611560000000000059e+01
-5.498349999999999937e+01
-8.857290000000000418e+01
-6.182860000000000156e+01
-4.161869999999999692e+01
-7.348160000000000025e+01
-8.424830000000000041e+01
-5.917860000000000298e+01
-5.527550000000000097e+01
-8.372129999999999939e+01
-8.849439999999999884e+01
-4.499219999999999686e+01
-6.138380000000000081e+01
-6.406210000000000093e+01
-6.866679999999999495e+01
-5.275180000000000291e+01
-5.256430000000000291e+01
-4.811469999999999914e+01
-9.665529999999999688e+01
-4.840500000000000114e+01
-7.451760000000000161e+01
-4.403949999999999676e+01
-6.204440000000000310e+01
-4.952150000000000318e+01
-8.932569999999999766e+01
-4.591790000000000305e+01
-6.217170000000000130e+01
-6.423050000000000637e+01
-6.443999999999999773e+01
-6.742900000000000205e+01
-5.234179999999999922e+01
-1.037489999999999952e+02
-4.957780000000000342e+01
-7.031900000000000261e+01
-3.823010000000000019e+01
-7.946160000000000423e+01
-7.395310000000000628e+01
-7.226829999999999643e+01
-4.213539999999999708e+01
-3.058820000000000050e+01
-7.693829999999999814e+01
-3.596529999999999916e+01
-6.336860000000000070e+01
-6.731749999999999545e+01
-3.749450000000000216e+01
-5.476010000000000133e+01
-6.744129999999999825e+01
-5.630449999999999733e+01
-7.750069999999999482e+01
-5.633780000000000143e+01
-7.222549999999999670e+01
-5.531479999999999819e+01
-6.227870000000000061e+01
-9.359680000000000177e+01
-6.219590000000000174e+01
-7.522920000000000584e+01
-2.981719999999999970e+01
-5.741660000000000252e+01
-6.476460000000000150e+01
-7.434000000000000341e+01
-6.646859999999999502e+01
-8.406000000000000227e+01
-7.074410000000000309e+01
-6.927100000000000080e+01
-4.853320000000000078e+01
-6.248270000000000124e+01
-4.367530000000000001e+01
-5.807370000000000232e+01
-6.508209999999999695e+01
-9.848170000000000357e+01
-5.876500000000000057e+01
-5.062680000000000291e+01
-8.771500000000000341e+01
-5.846150000000000091e+01
-2.526989999999999981e+01
-8.887300000000000466e+01
-6.095929999999999893e+01
-4.801319999999999766e+01
-6.051489999999999725e+01
-7.393880000000000052e+01
-3.277100000000000080e+01
-7.100100000000000477e+01
-3.945459999999999923e+01
-5.622059999999999746e+01
-8.915860000000000696e+01
-4.614880000000000138e+01
-4.209579999999999700e+01
-5.159929999999999950e+01
-5.883019999999999783e+01
-4.638569999999999993e+01
-6.665269999999999584e+01
-6.388799999999999812e+01
-9.806220000000000425e+01
-7.007559999999999434e+01
-7.595959999999999468e+01
-8.972419999999999618e+01
-8.078449999999999420e+01
-4.812049999999999983e+01
-5.433189999999999742e+01
-5.133189999999999742e+01
-7.074679999999999325e+01
-4.561549999999999727e+01
-7.165609999999999502e+01
-7.215049999999999386e+01
-7.349649999999999750e+01
-4.590529999999999688e+01
-4.522249999999999659e+01
-6.324329999999999785e+01
-5.722180000000000177e+01
-6.397090000000000032e+01
-5.134120000000000061e+01
-9.618869999999999720e+01
-9.022190000000000509e+01
-6.265100000000000335e+01
-7.348199999999999932e+01
-3.724909999999999854e+01
-5.518569999999999709e+01
-7.794419999999999504e+01
-6.281680000000000064e+01
-6.695170000000000243e+01
-9.762699999999999534e+01
-8.848279999999999745e+01
-5.523479999999999990e+01
-7.244100000000000250e+01
-5.711110000000000042e+01
-5.172290000000000276e+01
-6.893970000000000198e+01
-7.201940000000000452e+01
-4.714759999999999707e+01
-5.659960000000000235e+01
-5.466420000000000101e+01
-3.947860000000000014e+01
-5.298319999999999652e+01
-6.390030000000000143e+01
-5.252009999999999934e+01
-9.296210000000000662e+01
-8.171559999999999491e+01
-5.135730000000000217e+01
-5.734219999999999828e+01
-8.448080000000000211e+01
-6.090939999999999799e+01
-5.150809999999999889e+01
-4.463519999999999754e+01
-7.204810000000000514e+01
-5.997480000000000189e+01
-6.290879999999999939e+01
-3.557249999999999801e+01
-7.974809999999999377e+01
-8.603239999999999554e+01
-6.186079999999999757e+01
-6.594650000000000034e+01
-6.756350000000000477e+01
-3.828640000000000043e+01
-8.655459999999999354e+01
-7.040460000000000207e+01
-7.618880000000000052e+01
-8.066310000000000002e+01
-5.652450000000000330e+01
-3.486520000000000152e+01
-7.147079999999999700e+01
-5.509790000000000276e+01
-3.785229999999999961e+01
-5.184429999999999694e+01
-6.510819999999999652e+01
-8.108249999999999602e+01
-9.588330000000000553e+01
-3.615760000000000218e+01
-4.807370000000000232e+01
-6.303979999999999961e+01
-9.225360000000000582e+01
-6.529500000000000171e+01
-4.112539999999999907e+01
-7.269670000000000698e+01
-6.665340000000000487e+01
-3.848349999999999937e+01
-9.506489999999999441e+01
-4.029749999999999943e+01
-7.402580000000000382e+01
-9.695449999999999591e+01
-6.248629999999999995e+01
-7.085559999999999548e+01
-7.902960000000000207e+01
-9.574979999999999336e+01
-6.128820000000000334e+01
-8.781579999999999586e+01
-4.984270000000000067e+01
-5.546949999999999648e+01
-4.566700000000000159e+01
-7.041179999999999950e+01
-6.214809999999999945e+01
-6.450060000000000571e+01
-7.581329999999999814e+01
-6.569039999999999679e+01
-7.631980000000000075e+01
-9.758910000000000196e+01
-6.431480000000000530e+01
-6.083140000000000214e+01
-8.478610000000000468e+01
-7.608969999999999345e+01
-6.114840000000000231e+01
-7.638939999999999486e+01
-4.792669999999999675e+01
-7.159069999999999823e+01
-3.333590000000000231e+01
-5.824300000000000210e+01
-8.339300000000000068e+01
-4.066129999999999711e+01
-3.890169999999999817e+01
-7.158679999999999666e+01
-5.407260000000000133e+01
-6.997480000000000189e+01
-7.982760000000000389e+01
-5.081000000000000227e+01
-7.059590000000000032e+01
-6.871510000000000673e+01
-3.429079999999999728e+01
-4.869579999999999842e+01
-8.115120000000000289e+01
-7.850149999999999295e+01
-2.339379999999999882e+01
-5.774719999999999942e+01
-5.903960000000000008e+01
-8.658360000000000412e+01
-6.223780000000000001e+01
-5.681960000000000122e+01
-6.039670000000000272e+01
-5.765800000000000125e+01
-7.021500000000000341e+01
-8.480790000000000362e+01
-5.493750000000000000e+01
-1.049320000000000022e+02
-4.840550000000000352e+01
-8.891790000000000305e+01
-9.509879999999999711e+01
-5.392589999999999861e+01
-5.132639999999999958e+01
-7.867310000000000514e+01
-5.417580000000000240e+01
-5.922999999999999687e+01
-8.100149999999999295e+01
-4.717719999999999914e+01
-6.573439999999999372e+01
-5.595599999999999463e-01
-1.540440000000000031e+00
-2.649820000000000064e+00
-1.012100000000000000e+00
-6.241959999999999731e-01
-6.186450000000000005e-01
-2.492350000000000065e+00
-4.022180000000000200e-01
-1.359820000000000029e+00
-1.864999999999999991e+00
-2.017939999999999845e+00
-2.178749999999999964e+00
-7.925400000000000222e-01
-5.462690000000000046e-01
-1.299039999999999973e+00
-1.466450000000000031e+00
-2.312469999999999803e+00
-1.488569999999999949e+00
-3.968929999999999847e+00
-1.677999999999999936e+00
-1.197000000000000064e+00
-7.050760000000000360e-01
-1.020529999999999937e+00
-4.724789999999999823e-01
-5.033400000000000096e-01
-7.321860000000000035e+00
-4.103299999999999947e+00
-5.254640000000000200e+00
-5.298729999999999940e+00
-5.412110000000000198e+00
-6.638469999999999871e+00
-7.414299999999999891e+00
-3.220959999999999823e+00
-4.809859999999999580e+00
-6.381140000000000256e+00
-5.446850000000000414e+00
-8.699490000000000833e+00
-5.313220000000000276e+00
-2.461329999999999796e+00
-4.018939999999999735e+00
-3.655940000000000190e+00
-6.459699999999999775e+00
-3.133729999999999905e+00
-1.085060000000000002e+01
-4.885220000000000340e+00
-4.220830000000000304e+00
-4.594059999999999810e+00
-7.055240000000000400e+00
-8.260300000000000864e+00
-4.308950000000000280e+00
-1.398419999999999952e+01
-9.766469999999999985e+00
-9.006990000000000052e+00
-1.053730000000000011e+01
-7.523349999999999760e+00
-2.255249999999999844e+01
-7.975469999999999615e+00
-1.305680000000000085e+01
-1.361650000000000027e+01
-1.467869999999999919e+01
-1.550990000000000002e+01
-9.272180000000000533e+00
-1.424910000000000032e+01
-9.435549999999999216e+00
-1.211829999999999963e+01
-1.648720000000000141e+01
-1.084229999999999983e+01
-6.646480000000000388e+00
-4.975469999999999615e+00
-4.608929999999999971e+00
-1.069439999999999991e+01
-8.835110000000000241e+00
-1.701640000000000086e+01
-1.173099999999999987e+01
-1.840230000000000032e+01
-1.275830000000000020e+01
-1.468619999999999948e+01
-1.797550000000000026e+01
-1.323949999999999960e+01
-1.160319999999999929e+01
-1.071460000000000079e+01
-1.107879999999999932e+01
-2.727479999999999905e+01
-1.695220000000000127e+01
-1.699990000000000023e+01
-1.946150000000000091e+01
-2.206340000000000146e+01
-1.709390000000000143e+01
-1.325639999999999930e+01
-1.295250000000000057e+01
-1.333300000000000018e+01
-1.744640000000000057e+01
-1.520579999999999998e+01
-1.534060000000000024e+01
-1.545379999999999932e+01
-1.829749999999999943e+01
-1.858180000000000121e+01
-1.049810000000000088e+01
-1.856970000000000098e+01
-1.310839999999999961e+01
-1.330240000000000009e+02
-1.248469999999999942e+02
-1.119129999999999967e+02
-1.247189999999999941e+02
-8.844910000000000139e+01
-8.971049999999999613e+01
-1.014989999999999952e+02
-9.040080000000000382e+01
-1.257990000000000066e+02
-9.283140000000000214e+01
-8.764090000000000202e+01
-9.626319999999999766e+01
-1.127560000000000002e+02
-1.117590000000000003e+02
-1.172720000000000056e+02
-1.184849999999999994e+02
-1.119659999999999940e+02
-1.408340000000000032e+02
-1.154140000000000015e+02
-1.386390000000000100e+02
-1.268389999999999986e+02
-1.230570000000000022e+02
-8.747320000000000562e+01
-1.172249999999999943e+02
-1.154710000000000036e+02
-1.166700000000000017e+02
-1.281639999999999873e+02
-1.135439999999999969e+02
-1.353609999999999900e+02
-1.062330000000000041e+02
-1.382539999999999907e+02
-1.283060000000000116e+02
-1.273449999999999989e+02
-1.295569999999999879e+02
-1.386860000000000070e+02
-1.543559999999999945e+02
-1.365910000000000082e+02
-1.382009999999999934e+02
-1.355260000000000105e+02
-1.187939999999999969e+02
-1.342489999999999952e+02
-1.268179999999999978e+02
-1.282690000000000055e+02
-1.212169999999999987e+02
-1.452290000000000134e+02
-1.345960000000000036e+02
-1.524439999999999884e+02
-1.436579999999999870e+02
-1.498329999999999984e+02
-1.486330000000000098e+02
-1.517460000000000093e+02
-1.425660000000000025e+02
-1.434439999999999884e+02
-1.402729999999999961e+02
-1.367150000000000034e+02
-1.356899999999999977e+02
-1.374339999999999975e+02
-1.468540000000000134e+02
-1.554449999999999932e+02
-1.431939999999999884e+02
-1.593069999999999879e+02
-1.511459999999999866e+02
-1.727810000000000059e+02
-1.456839999999999975e+02
-1.606999999999999886e+02
-1.363009999999999877e+02
-1.538549999999999898e+02
-1.672050000000000125e+02
-1.604830000000000041e+02
-1.578429999999999893e+02
-1.663160000000000025e+02
-1.473429999999999893e+02
-1.429439999999999884e+02
-1.303360000000000127e+02
-1.326510000000000105e+02
-1.921800000000000068e+02
-1.763230000000000075e+02
-1.765649999999999977e+02
-1.792640000000000100e+02
-1.609159999999999968e+02
-1.516490000000000009e+02
-1.584010000000000105e+02
-1.761020000000000039e+02
-1.543890000000000100e+02
-1.848429999999999893e+02
-1.567220000000000084e+02
-1.706339999999999861e+02
-1.540680000000000121e+02
-1.752680000000000007e+02
-1.606119999999999948e+02
-1.590140000000000100e+02
-1.735579999999999927e+02
-1.808729999999999905e+02
-1.532009999999999934e+02
-1.793290000000000077e+02
-1.672500000000000000e+02
-1.746239999999999952e+02
-1.688050000000000068e+02
-1.746289999999999907e+02
-1.827620000000000005e+02
