-4.626480000000000103e+01
-5.557789999999999964e+01
-4.172579999999999956e+01
-5.239240000000000208e+01
-4.555899999999999750e+01
-5.428990000000000293e+01
-5.451169999999999760e+01
-5.232159999999999656e+01
-5.164379999999999882e+01
-4.641879999999999740e+01
-5.034000000000000341e+01
-4.458630000000000138e+01
-7.711329999999999529e+01
-5.464529999999999887e+01
-5.111730000000000018e+01
-6.303640000000000043e+01
-5.464609999999999701e+01
-5.732549999999999812e+01
-4.097359999999999758e+01
-4.403079999999999927e+01
-4.857690000000000197e+01
-4.676639999999999731e+01
-4.960150000000000148e+01
-4.818659999999999854e+01
-5.279930000000000234e+01
-5.638029999999999831e+01
-4.390129999999999910e+01
-6.948109999999999786e+01
-4.131000000000000227e+01
-4.646869999999999834e+01
-5.181969999999999743e+01
-4.651539999999999964e+01
-4.863689999999999714e+01
-5.009890000000000043e+01
-5.088839999999999719e+01
-5.327309999999999945e+01
-5.305100000000000193e+01
-4.169290000000000163e+01
-5.747180000000000177e+01
-5.548020000000000351e+01
-4.615559999999999974e+01
-4.453000000000000114e+01
-6.705809999999999604e+01
-5.015109999999999957e+01
-5.292040000000000077e+01
-4.937850000000000250e+01
-4.181730000000000302e+01
-5.369959999999999667e+01
-4.368739999999999668e+01
-5.600280000000000058e+01
-5.103589999999999804e+01
-3.991960000000000264e+01
-4.622999999999999687e+01
-5.592499999999999716e+01
-5.860690000000000310e+01
-4.841510000000000247e+01
-5.071909999999999741e+01
-5.118030000000000257e+01
-5.710390000000000299e+01
-4.519579999999999842e+01
-4.710009999999999764e+01
-4.813600000000000279e+01
-3.780749999999999744e+01
-5.270199999999999818e+01
-4.968990000000000151e+01
-5.342360000000000042e+01
-3.083490000000000109e+01
-5.250919999999999987e+01
-4.752190000000000225e+01
-5.154429999999999978e+01
-5.173799999999999955e+01
-4.959109999999999729e+01
-4.303269999999999840e+01
-5.766040000000000276e+01
-4.620360000000000156e+01
-5.254010000000000247e+01
-3.995709999999999695e+01
-5.100520000000000209e+01
-4.158769999999999811e+01
-4.582410000000000139e+01
-4.405879999999999797e+01
-5.688680000000000092e+01
-5.457560000000000144e+01
-4.719789999999999708e+01
-5.262650000000000006e+01
-4.831099999999999994e+01
-4.883039999999999736e+01
-5.149960000000000093e+01
-4.475240000000000151e+01
-3.811489999999999867e+01
-5.343030000000000257e+01
-6.016290000000000049e+01
-5.674779999999999802e+01
-4.797990000000000066e+01
-3.656569999999999965e+01
-5.523329999999999984e+01
-6.126109999999999900e+01
-4.440550000000000352e+01
-6.120589999999999975e+01
-5.710960000000000036e+01
-5.329480000000000217e+01
-5.226420000000000243e+01
-4.263920000000000243e+01
-5.238519999999999754e+01
-4.189170000000000016e+01
-6.283250000000000313e+01
-5.224269999999999925e+01
-4.542069999999999652e+01
-4.920479999999999876e+01
-5.074099999999999966e+01
-5.891649999999999920e+01
-3.996459999999999724e+01
-4.776310000000000144e+01
-5.363190000000000168e+01
-5.965639999999999787e+01
-4.398629999999999995e+01
-5.262630000000000052e+01
-4.573949999999999960e+01
-4.896189999999999998e+01
-6.080330000000000013e+01
-4.151350000000000051e+01
-4.533879999999999910e+01
-6.417359999999999332e+01
-5.645369999999999777e+01
-5.271159999999999712e+01
-4.436229999999999762e+01
-4.824249999999999972e+01
-5.742519999999999669e+01
-5.707249999999999801e+01
-4.735119999999999862e+01
-5.818959999999999866e+01
-4.230879999999999797e+01
-4.740400000000000347e+01
-3.806580000000000297e+01
-4.537769999999999726e+01
-5.963709999999999667e+01
-3.899450000000000216e+01
-5.230939999999999657e+01
-5.066170000000000329e+01
-4.606490000000000151e+01
-5.096029999999999660e+01
-5.285869999999999891e+01
-3.960349999999999682e+01
-4.932480000000000331e+01
-4.865319999999999823e+01
-5.142430000000000234e+01
-5.301259999999999906e+01
-4.841629999999999967e+01
-4.521200000000000330e+01
-6.703929999999999723e+01
-3.341040000000000276e+01
-4.608769999999999811e+01
-3.988020000000000209e+01
-4.763190000000000168e+01
-5.267170000000000130e+01
-4.506049999999999756e+01
-4.759129999999999683e+01
-6.319769999999999754e+01
-5.589079999999999870e+01
-6.296959999999999980e+01
-6.022160000000000224e+01
-6.325719999999999743e+01
-6.345949999999999847e+01
-4.653609999999999758e+01
-3.046519999999999939e+01
-5.034700000000000131e+01
-5.887089999999999890e+01
-3.557249999999999801e+01
-6.589459999999999695e+01
-6.250750000000000028e+01
-7.919970000000000709e+01
-6.434340000000000259e+01
-4.434799999999999898e+01
-5.498040000000000305e+01
-6.002250000000000085e+01
-7.707330000000000325e+01
-7.358620000000000516e+01
-4.507330000000000325e+01
-5.591170000000000329e+01
-4.866599999999999682e+01
-7.554770000000000607e+01
-6.210190000000000055e+01
-8.310190000000000055e+01
-6.995629999999999882e+01
-6.559959999999999525e+01
-6.049699999999999989e+01
-8.502800000000000580e+01
-4.801209999999999667e+01
-9.415130000000000621e+01
-4.708939999999999770e+01
-6.659770000000000323e+01
-5.561099999999999710e+01
-8.506250000000000000e+01
-5.528829999999999956e+01
-5.987010000000000076e+01
-5.100220000000000198e+01
-6.127819999999999823e+01
-6.107200000000000273e+01
-7.507800000000000296e+01
-6.919759999999999422e+01
-6.029520000000000124e+01
-4.758829999999999671e+01
-6.622469999999999857e+01
-5.231929999999999836e+01
-6.744530000000000314e+01
-3.199239999999999995e+01
-7.958320000000000505e+01
-8.832769999999999300e+01
-7.195480000000000587e+01
-6.373989999999999867e+01
-6.441679999999999495e+01
-6.996030000000000371e+01
-6.218999999999999773e+01
-4.134309999999999974e+01
-5.085399999999999920e+01
-7.652740000000000009e+01
-6.392920000000000158e+01
-7.019660000000000366e+01
-5.777929999999999922e+01
-3.785229999999999961e+01
-9.356650000000000489e+01
-4.996490000000000009e+01
-7.846880000000000166e+01
-5.470300000000000296e+01
-7.414879999999999427e+01
-4.320870000000000033e+01
-4.668410000000000082e+01
-4.816760000000000019e+01
-5.735829999999999984e+01
-4.588680000000000092e+01
-7.527800000000000580e+01
-5.449110000000000298e+01
-5.862930000000000064e+01
-5.728560000000000230e+01
-7.111069999999999425e+01
-8.080689999999999884e+01
-3.919950000000000045e+01
-9.824479999999999791e+01
-9.131870000000000687e+01
-6.671030000000000371e+01
-5.456889999999999930e+01
-3.736469999999999914e+01
-7.703740000000000521e+01
-6.676810000000000400e+01
-8.849150000000000205e+01
-5.623049999999999926e+01
-4.860300000000000153e+01
-3.207529999999999859e+01
-5.036330000000000240e+01
-8.484080000000000155e+01
-4.732679999999999865e+01
-6.946490000000000009e+01
-7.100149999999999295e+01
-5.745700000000000074e+01
-1.070679999999999978e+02
-4.846710000000000207e+01
-5.048910000000000053e+01
-6.103960000000000008e+01
-6.439060000000000628e+01
-8.678050000000000352e+01
-1.082390000000000043e+02
-3.337639999999999674e+01
-5.273570000000000135e+01
-6.743439999999999657e+01
-7.120560000000000400e+01
-6.116689999999999827e+01
-5.171289999999999765e+01
-6.306170000000000186e+01
-4.599300000000000210e+01
-6.008489999999999753e+01
-5.752799999999999869e+01
-5.865579999999999927e+01
-7.147880000000000678e+01
-5.714639999999999986e+01
-5.534380000000000166e+01
-4.748420000000000130e+01
-3.630919999999999703e+01
-6.860370000000000346e+01
-5.683890000000000242e+01
-6.087579999999999814e+01
-6.906470000000000198e+01
-3.802660000000000196e+01
-6.167470000000000141e+01
-7.701560000000000628e+01
-6.119360000000000355e+01
-7.911329999999999529e+01
-6.832909999999999684e+01
-8.599169999999999447e+01
-2.371150000000000091e+01
-8.055419999999999447e+01
-4.421059999999999945e+01
-4.217880000000000251e+01
-2.511319999999999908e+01
-8.350889999999999702e+01
-4.139330000000000354e+01
-4.255700000000000216e+01
-4.612189999999999657e+01
-9.503419999999999845e+01
-5.663199999999999790e+01
-8.062420000000000186e+01
-6.417709999999999582e+01
-5.700010000000000332e+01
-6.463070000000000448e+01
-7.772440000000000282e+01
-8.400549999999999784e+01
-8.688870000000000005e+01
-3.474849999999999994e+01
-5.043229999999999791e+01
-6.895600000000000307e+01
-6.410290000000000532e+01
-5.282110000000000127e+01
-6.193149999999999977e+01
-5.479919999999999902e+01
-7.972169999999999845e+01
-8.891679999999999495e+01
-6.653560000000000230e+01
-5.946620000000000061e+01
-6.883599999999999852e+01
-4.894299999999999784e+01
-5.513530000000000086e+01
-3.915460000000000207e+01
-6.772050000000000125e+01
-5.897679999999999723e+01
-3.425520000000000209e+01
-7.134399999999999409e+01
-7.153310000000000457e+01
-5.743990000000000151e+01
-6.176250000000000284e+01
-4.087760000000000105e+01
-7.901659999999999684e+01
-5.212429999999999808e+01
-5.608500000000000085e+01
-1.024110000000000014e+02
-6.028820000000000334e+01
-4.784669999999999845e+01
-4.395289999999999964e+01
-5.017069999999999652e+01
-9.469809999999999661e+01
-5.075090000000000146e+01
-7.069639999999999702e+01
-9.696639999999999304e+01
-5.373740000000000094e+01
-7.362630000000000052e+01
-5.170150000000000290e+01
-4.475610000000000355e+01
-7.659029999999999916e+01
-5.975310000000000343e+01
-4.708550000000000324e+01
-6.864969999999999573e+01
-7.089339999999999975e+01
-5.356649999999999778e+01
-7.156310000000000571e+01
-4.418699999999999761e+01
-8.819079999999999586e+01
-4.200800000000000267e+01
-8.869979999999999620e+01
-5.743260000000000076e+01
-6.260179999999999723e+01
-4.885289999999999822e+01
-6.238119999999999976e+01
-6.674360000000000070e+01
-6.109609999999999985e+01
-5.885759999999999792e+01
-9.485649999999999693e+01
-6.062910000000000110e+01
-6.870269999999999300e+01
-6.820669999999999789e+01
-4.940919999999999845e+01
-7.115600000000000591e+01
-5.861410000000000053e+01
-3.124660000000000082e+01
-6.900620000000000687e+01
-4.772279999999999944e+01
-3.784259999999999735e+01
-7.500820000000000221e+01
-4.470199999999999818e+01
-7.962250000000000227e+01
-6.005290000000000106e+01
-4.774179999999999779e+01
-4.739090000000000202e+01
-6.009040000000000248e+01
-5.134259999999999735e+01
-7.902859999999999729e+01
-8.605410000000000537e+01
-7.673820000000000618e+01
-6.557359999999999900e+01
-2.876079999999999970e+01
-4.704149999999999920e+01
-6.178869999999999862e+01
-4.298169999999999646e+01
-7.497729999999999961e+01
-7.971590000000000487e+01
-5.539540000000000219e+01
-5.673080000000000211e+01
-4.845250000000000057e+01
-1.037489999999999952e+02
-4.563779999999999859e+01
-9.060550000000000637e+01
-5.182269999999999754e+01
-3.043169999999999931e+01
-6.906940000000000168e+01
-5.876639999999999731e+01
-8.707869999999999777e+01
-3.580290000000000106e+01
-7.404269999999999641e+01
-4.875800000000000267e+01
-7.810550000000000637e+01
-6.881589999999999918e+01
-4.266100000000000136e+01
-7.696559999999999491e+01
-5.485600000000000165e+01
-6.961960000000000548e+01
-8.135909999999999798e+01
-5.593149999999999977e+01
-5.641610000000000014e+01
-4.792869999999999919e+01
-7.889669999999999561e+01
-6.892810000000000059e+01
-4.975990000000000180e+01
-5.515559999999999974e+01
-4.701270000000000238e+01
-7.435980000000000700e+01
-4.536059999999999803e+01
-8.580219999999999914e+01
-4.879359999999999786e+01
-6.716580000000000439e+01
-6.684770000000000323e+01
-7.961709999999999354e+01
-7.174530000000000030e+01
-3.826800000000000068e+01
-4.009620000000000317e+01
-4.688300000000000267e+01
-8.069350000000000023e+01
-6.177609999999999957e+01
-2.537079999999999913e+01
-6.923319999999999652e+01
-5.438459999999999894e+01
-5.931810000000000116e+01
-4.525650000000000261e+01
-3.805960000000000321e+01
-4.200690000000000168e+01
-3.956949999999999790e+01
-4.839569999999999794e+01
-6.889339999999999975e+01
-5.405740000000000123e+01
-6.839860000000000184e+01
-8.210250000000000625e+01
-8.501399999999999579e+01
-6.090890000000000271e+01
-7.079139999999999588e+01
-6.071170000000000044e+01
-6.378209999999999980e+01
-6.865149999999999864e+01
-5.945649999999999835e+01
-4.225209999999999866e+01
-8.258540000000000703e+01
-6.302830000000000155e+01
-6.062749999999999773e+01
-6.308080000000000354e+01
-2.302639999999999887e+01
-3.505440000000000111e+01
-7.937909999999999400e+01
-6.581199999999999761e+01
-8.245940000000000225e+01
-5.321009999999999707e+01
-5.383429999999999893e+01
-7.025730000000000075e+01
-5.569769999999999754e+01
-6.258449999999999847e+01
-9.029760000000000275e+01
-6.663360000000000127e+01
-7.539440000000000452e+01
-3.657920000000000016e+01
-3.769590000000000174e+01
-7.733190000000000452e+01
-5.967269999999999897e+01
-6.211189999999999856e+01
-7.539490000000000691e+01
-6.443240000000000123e+01
-5.755550000000000210e+01
-6.500709999999999411e+01
-1.034489999999999981e+02
-2.732849999999999824e+01
-8.180800000000000693e+01
-5.181309999999999860e+01
-4.104690000000000083e+01
-6.445029999999999859e+01
-9.521120000000000516e+01
-8.246999999999999886e+01
-7.551399999999999579e+01
-8.113299999999999557e+01
-5.461370000000000147e+01
-6.900209999999999866e+01
-7.904989999999999384e+01
-7.323749999999999716e+01
-1.965070000000000094e+00
-1.619529999999999914e+00
-2.669430000000000192e+00
-2.278830000000000133e+00
-1.386740000000000084e+00
-1.607499999999999929e+00
-7.611010000000000275e-01
-6.256450000000000067e-01
-2.301719999999999988e+00
-7.797199999999999687e-01
-9.130319999999999547e-01
-1.300089999999999968e+00
-8.723049999999999971e-01
-1.143990000000000062e+00
-6.593820000000000237e-01
-1.308300000000000018e+00
-1.319690000000000030e+00
-5.127629999999999688e-01
-1.534880000000000022e+00
-7.566330000000000000e-01
-1.037209999999999965e+00
-9.478220000000000534e-01
-1.901690000000000103e+00
-1.467859999999999943e+00
-2.249039999999999928e+00
-9.604169999999999874e+00
-1.371720000000000006e+01
-5.153920000000000279e+00
-8.935320000000000817e+00
-5.099000000000000199e+00
-7.195800000000000196e+00
-6.963689999999999714e+00
-6.405859999999999665e+00
-4.247670000000000279e+00
-7.331940000000000346e+00
-8.873100000000000875e+00
-8.188280000000000669e+00
-2.120569999999999844e+00
-3.300359999999999960e+00
-7.269770000000000287e+00
-7.421240000000000059e+00
-1.353730000000000011e+01
-4.760839999999999961e+00
-9.629989999999999384e+00
-1.262449999999999939e+01
-3.200889999999999791e+00
-3.605989999999999807e+00
-7.488749999999999574e+00
-6.986369999999999969e+00
-2.616340000000000110e+00
-8.772710000000000008e+00
-9.370469999999999189e+00
-7.172609999999999708e+00
-9.986850000000000449e+00
-1.598889999999999922e+01
-1.045730000000000004e+01
-1.512049999999999983e+01
-1.000680000000000014e+01
-1.006600000000000072e+01
-1.816590000000000060e+01
-1.859919999999999973e+01
-1.336079999999999934e+01
-1.325769999999999982e+01
-9.268219999999999459e+00
-1.152720000000000056e+01
-1.876229999999999976e+01
-1.269890000000000008e+01
-1.108419999999999916e+01
-1.249540000000000006e+01
-6.618780000000000108e+00
-1.645050000000000168e+01
-6.611360000000000348e+00
-6.281349999999999767e+00
-1.203049999999999997e+01
-9.055099999999999483e+00
-1.143120000000000047e+01
-1.248949999999999960e+01
-1.931319999999999837e+01
-7.969319999999999737e+00
-1.790439999999999898e+01
-1.141990000000000016e+01
-2.055529999999999902e+01
-1.980209999999999937e+01
-1.087190000000000012e+01
-1.774820000000000064e+01
-1.871130000000000138e+01
-1.257380000000000031e+01
-1.628190000000000026e+01
-1.585120000000000040e+01
-8.543739999999999668e+00
-1.785050000000000026e+01
-1.622719999999999985e+01
-1.818949999999999889e+01
-2.368850000000000122e+01
-2.042439999999999856e+01
-8.956379999999999342e+00
-1.499540000000000006e+01
-1.379979999999999940e+01
-1.074670000000000059e+01
-2.231899999999999906e+01
-1.001089999999999947e+02
-1.266460000000000008e+02
-1.187770000000000010e+02
-9.526539999999999964e+01
-8.906640000000000157e+01
-9.637009999999999366e+01
-1.045000000000000000e+02
-9.529779999999999518e+01
-9.395510000000000161e+01
-1.138949999999999960e+02
-1.338400000000000034e+02
-1.018089999999999975e+02
-9.140099999999999625e+01
-1.217650000000000006e+02
-1.112789999999999964e+02
-1.130289999999999964e+02
-1.209830000000000041e+02
-1.206869999999999976e+02
-1.249060000000000059e+02
-1.264470000000000027e+02
-1.147830000000000013e+02
-1.099320000000000022e+02
-1.447690000000000055e+02
-1.187819999999999965e+02
-1.333609999999999900e+02
-1.439370000000000118e+02
-1.391080000000000041e+02
-1.103559999999999945e+02
-1.111530000000000058e+02
-1.305840000000000032e+02
-1.507669999999999959e+02
-1.350720000000000027e+02
-1.302189999999999941e+02
-1.427239999999999895e+02
-1.314480000000000075e+02
-1.271520000000000010e+02
-1.443770000000000095e+02
-1.056650000000000063e+02
-1.459209999999999923e+02
-1.142530000000000001e+02
-1.300809999999999889e+02
-1.233319999999999936e+02
-1.251710000000000065e+02
-1.257399999999999949e+02
-1.234470000000000027e+02
-1.551119999999999948e+02
-1.370039999999999907e+02
-1.376289999999999907e+02
-1.597059999999999889e+02
-1.535790000000000077e+02
-1.227360000000000042e+02
-1.530380000000000109e+02
-1.513160000000000025e+02
-1.428969999999999914e+02
-1.461469999999999914e+02
-1.230529999999999973e+02
-1.486279999999999859e+02
-1.426730000000000018e+02
-1.595060000000000002e+02
-1.525320000000000107e+02
-1.538100000000000023e+02
-1.589259999999999877e+02
-1.501860000000000070e+02
-1.452539999999999907e+02
-1.464199999999999875e+02
-1.481490000000000009e+02
-1.507889999999999873e+02
-1.452539999999999907e+02
-1.547359999999999900e+02
-1.509859999999999900e+02
-1.612709999999999866e+02
-1.715749999999999886e+02
-1.611740000000000066e+02
-1.711450000000000102e+02
-1.658089999999999975e+02
-1.486759999999999877e+02
-1.752930000000000064e+02
-1.765229999999999961e+02
-1.761659999999999968e+02
-1.332930000000000064e+02
-1.848549999999999898e+02
-1.763919999999999959e+02
-1.565629999999999882e+02
-1.791330000000000098e+02
-1.642729999999999961e+02
-1.703120000000000118e+02
-1.785840000000000032e+02
-1.711599999999999966e+02
-1.557839999999999918e+02
-1.403449999999999989e+02
-1.727959999999999923e+02
-1.346579999999999870e+02
-1.714619999999999891e+02
-1.703449999999999989e+02
-1.681380000000000052e+02
-1.706150000000000091e+02
-1.744540000000000077e+02
-1.850910000000000082e+02
-1.713609999999999900e+02
-1.830999999999999943e+02
