4.616520926356315613e-02
4.281514510512351990e-02
4.009298980236053467e-02
2.958299592137336731e-02
3.347253426909446716e-02
3.851404041051864624e-02
3.926271200180053711e-02
3.797617554664611816e-02
3.835378959774971008e-02
4.444482177495956421e-02
3.820424154400825500e-02
3.753464668989181519e-02
3.242140263319015503e-02
4.184610769152641296e-02
5.459220334887504578e-02
4.177215322852134705e-02
4.227015376091003418e-02
5.521314963698387146e-02
4.361498355865478516e-02
4.244811087846755981e-02
5.041718110442161560e-02
4.650607705116271973e-02
4.771251976490020752e-02
4.988491535186767578e-02
5.294789373874664307e-02
4.840106144547462463e-02
5.418308824300765991e-02
4.748201370239257812e-02
5.079950392246246338e-02
5.305819213390350342e-02
5.064398795366287231e-02
4.034071043133735657e-02
5.481896176934242249e-02
5.037504807114601135e-02
4.889285936951637268e-02
4.440254345536231995e-02
5.372060462832450867e-02
5.016224831342697144e-02
4.228620976209640503e-02
4.803688079118728638e-02
5.224348232150077820e-02
4.908132180571556091e-02
4.706927388906478882e-02
4.659789800643920898e-02
5.128641054034233093e-02
5.776213109493255615e-02
5.104766413569450378e-02
5.175082385540008545e-02
5.854018032550811768e-02
6.308951973915100098e-02
5.083404481410980225e-02
4.182676225900650024e-02
5.487225577235221863e-02
4.829987511038780212e-02
6.201575696468353271e-02
5.618929490447044373e-02
4.530900716781616211e-02
5.433141067624092102e-02
5.685845389962196350e-02
5.325106531381607056e-02
4.571416974067687988e-02
5.218362063169479370e-02
5.212320014834403992e-02
5.017566308379173279e-02
5.023787170648574829e-02
5.692676082253456116e-02
5.331609025597572327e-02
5.896297842264175415e-02
5.116111040115356445e-02
5.881421267986297607e-02
5.771971866488456726e-02
5.682084709405899048e-02
4.668522626161575317e-02
5.496369674801826477e-02
5.363024026155471802e-02
5.311057716608047485e-02
5.196511372923851013e-02
4.707709699869155884e-02
5.407090112566947937e-02
5.304082483053207397e-02
5.203788727521896362e-02
5.100091174244880676e-02
5.636923387646675110e-02
4.693104699254035950e-02
4.858534410595893860e-02
5.489518493413925171e-02
4.864470660686492920e-02
5.889814719557762146e-02
5.302546545863151550e-02
5.155111104249954224e-02
5.636958777904510498e-02
5.077490583062171936e-02
5.354785919189453125e-02
5.269434675574302673e-02
5.620854720473289490e-02
6.566341221332550049e-02
5.329410731792449951e-02
4.928889125585556030e-02
4.975297302007675171e-02
4.939090088009834290e-02
