7.773466408252716064e-02
9.442342817783355713e-02
9.271861612796783447e-02
9.334190189838409424e-02
9.477178007364273071e-02
9.486258774995803833e-02
8.955796062946319580e-02
9.171806275844573975e-02
8.376949280500411987e-02
8.758386969566345215e-02
9.476809203624725342e-02
8.449326455593109131e-02
8.837088197469711304e-02
8.672771602869033813e-02
8.633566647768020630e-02
8.549641072750091553e-02
9.089231491088867188e-02
8.745072036981582642e-02
8.437130600214004517e-02
8.810736984014511108e-02
8.691035211086273193e-02
8.407118916511535645e-02
8.163826912641525269e-02
8.377938717603683472e-02
8.182194828987121582e-02
8.538831770420074463e-02
7.905025035142898560e-02
8.852052688598632812e-02
9.219096601009368896e-02
8.629889041185379028e-02
8.538987487554550171e-02
8.419842272996902466e-02
9.194897860288619995e-02
8.691278845071792603e-02
8.337506651878356934e-02
9.024669975042343140e-02
8.897034078836441040e-02
8.765604346990585327e-02
8.436320722103118896e-02
8.648230135440826416e-02
8.686974644660949707e-02
8.836812525987625122e-02
9.887370467185974121e-02
8.758264780044555664e-02
8.528861403465270996e-02
8.661577105522155762e-02
9.057603031396865845e-02
8.859427273273468018e-02
9.533906728029251099e-02
8.675600588321685791e-02
8.671375364065170288e-02
8.556082844734191895e-02
8.338900655508041382e-02
8.561813831329345703e-02
1.028791889548301697e-01
8.398111164569854736e-02
8.650362491607666016e-02
8.482109755277633667e-02
8.822884410619735718e-02
8.727703988552093506e-02
8.340757340192794800e-02
8.719161897897720337e-02
8.371922373771667480e-02
8.814464509487152100e-02
8.744408190250396729e-02
8.385799825191497803e-02
8.862179517745971680e-02
9.429178386926651001e-02
8.470285683870315552e-02
8.417060226202011108e-02
8.738563209772109985e-02
9.308962523937225342e-02
8.745454251766204834e-02
9.291827678680419922e-02
8.491765707731246948e-02
8.618657290935516357e-02
8.773805946111679077e-02
8.940099924802780151e-02
8.665695786476135254e-02
8.521340787410736084e-02
8.639515191316604614e-02
9.023940563201904297e-02
8.294009417295455933e-02
8.438015729188919067e-02
8.993875980377197266e-02
8.358769863843917847e-02
8.451101928949356079e-02
8.505712449550628662e-02
8.367896825075149536e-02
9.492059797048568726e-02
9.446315467357635498e-02
9.430342167615890503e-02
8.362652361392974854e-02
8.427931368350982666e-02
8.886317908763885498e-02
8.113475888967514038e-02
8.643306046724319458e-02
9.437375515699386597e-02
9.152088314294815063e-02
9.309297055006027222e-02
