8.203886449337005615e-02
7.140113413333892822e-02
7.930645346641540527e-02
7.099148631095886230e-02
7.420422881841659546e-02
8.151567727327346802e-02
8.583390712738037109e-02
8.487463742494583130e-02
8.200431615114212036e-02
7.552516460418701172e-02
7.220451533794403076e-02
7.073274999856948853e-02
7.048705965280532837e-02
7.164654880762100220e-02
7.725834101438522339e-02
7.083326578140258789e-02
7.043123245239257812e-02
7.065237313508987427e-02
7.140097767114639282e-02
7.213640213012695312e-02
7.293179631233215332e-02
7.344950735569000244e-02
7.325414568185806274e-02
7.256184518337249756e-02
7.202270627021789551e-02
7.138887047767639160e-02
7.082955539226531982e-02
7.055323570966720581e-02
7.052239030599594116e-02
7.079449295997619629e-02
7.151869684457778931e-02
7.140770554542541504e-02
7.075010240077972412e-02
7.053045928478240967e-02
7.052715122699737549e-02
7.062994688749313354e-02
7.075236737728118896e-02
7.088903337717056274e-02
7.096170634031295776e-02
7.093809545040130615e-02
7.084573060274124146e-02
7.073692977428436279e-02
7.063812017440795898e-02
7.053805142641067505e-02
7.049936801195144653e-02
7.050472497940063477e-02
7.054278999567031860e-02
7.059706002473831177e-02
7.063230872154235840e-02
7.061487436294555664e-02
7.056579738855361938e-02
7.051999866962432861e-02
7.049454003572463989e-02
7.048194110393524170e-02
7.047590613365173340e-02
7.048679888248443604e-02
7.050316035747528076e-02
7.051183283329010010e-02
7.051220536231994629e-02
7.050159573554992676e-02
7.048291712999343872e-02
7.046700268983840942e-02
7.045760750770568848e-02
7.045655697584152222e-02
7.045618444681167603e-02
7.045834511518478394e-02
7.045952975749969482e-02
7.045891880989074707e-02
7.045819610357284546e-02
7.045347988605499268e-02
7.044938951730728149e-02
7.044446468353271484e-02
7.043955475091934204e-02
7.043418288230895996e-02
7.043341547250747681e-02
7.042627036571502686e-02
7.042559236288070679e-02
7.042459398508071899e-02
7.042527943849563599e-02
7.042155414819717407e-02
7.041792571544647217e-02
7.041399925947189331e-02
7.040885835886001587e-02
7.040652632713317871e-02
7.040556520223617554e-02
7.040407508611679077e-02
7.040090858936309814e-02
7.039603590965270996e-02
7.039148360490798950e-02
7.038991898298263550e-02
7.038754224777221680e-02
7.038619369268417358e-02
7.038419693708419800e-02
7.038287818431854248e-02
7.038342207670211792e-02
7.038503885269165039e-02
7.038878649473190308e-02
7.038664072751998901e-02
7.038324326276779175e-02
7.038103789091110229e-02
