1.139123737812042236e-02
1.332794409245252609e-02
1.669953390955924988e-02
1.491905562579631805e-02
2.165209315717220306e-02
1.653132587671279907e-02
2.184917591512203217e-02
1.839582622051239014e-02
1.890410110354423523e-02
3.046381101012229919e-02
1.888831518590450287e-02
2.717749774456024170e-02
1.942015066742897034e-02
2.228189073503017426e-02
1.872196048498153687e-02
2.335894666612148285e-02
1.740530878305435181e-02
1.851945184171199799e-02
1.868212409317493439e-02
2.128953672945499420e-02
2.374530956149101257e-02
2.626115828752517700e-02
2.397297322750091553e-02
2.891481481492519379e-02
2.298817411065101624e-02
3.010584600269794464e-02
2.931538037955760956e-02
2.257257141172885895e-02
2.645392157137393951e-02
3.176901862025260925e-02
2.377406321465969086e-02
2.639469504356384277e-02
2.418907731771469116e-02
2.103828266263008118e-02
1.879954896867275238e-02
2.990785799920558929e-02
2.101551368832588196e-02
2.364360354840755463e-02
2.763559296727180481e-02
2.425114251673221588e-02
2.493117377161979675e-02
2.699085511267185211e-02
1.984873041510581970e-02
2.196203172206878662e-02
2.544300630688667297e-02
2.505094930529594421e-02
2.891170606017112732e-02
3.247113525867462158e-02
2.066056057810783386e-02
2.211201749742031097e-02
2.946841530501842499e-02
2.071732282638549805e-02
2.619677409529685974e-02
2.631094492971897125e-02
2.642973512411117554e-02
2.414596639573574066e-02
2.415660582482814789e-02
1.667343452572822571e-02
1.950295455753803253e-02
1.991581730544567108e-02
2.129644528031349182e-02
2.389934472739696503e-02
2.672867476940155029e-02
2.613350935280323029e-02
2.431645616888999939e-02
2.406018972396850586e-02
2.202604152262210846e-02
2.139262668788433075e-02
1.629729568958282471e-02
2.260671555995941162e-02
2.342429757118225098e-02
2.714208140969276428e-02
2.952304296195507050e-02
3.072001971304416656e-02
2.579221688210964203e-02
2.032238617539405823e-02
3.202486410737037659e-02
2.899006567895412445e-02
2.498828619718551636e-02
3.026582673192024231e-02
2.008195966482162476e-02
2.706517279148101807e-02
3.089072741568088531e-02
2.372663840651512146e-02
3.108383342623710632e-02
3.314088284969329834e-02
2.404680848121643066e-02
2.985989116132259369e-02
2.673580497503280640e-02
3.177035599946975708e-02
2.641900070011615753e-02
2.809922210872173309e-02
2.616154588758945465e-02
2.844776213169097900e-02
2.409956417977809906e-02
3.693586215376853943e-02
5.683860555291175842e-02
2.087464928627014160e-02
2.822081185877323151e-02
3.475826606154441833e-02
