7.806160300970077515e-02
8.827667683362960815e-02
8.973485976457595825e-02
8.611721545457839966e-02
8.853151649236679077e-02
8.896807581186294556e-02
8.850319683551788330e-02
9.044356644153594971e-02
8.678211271762847900e-02
8.490270376205444336e-02
8.694138377904891968e-02
8.848289400339126587e-02
8.758831024169921875e-02
8.809483051300048828e-02
9.576131403446197510e-02
8.619344979524612427e-02
8.677998185157775879e-02
9.062969684600830078e-02
8.516057580709457397e-02
8.893366903066635132e-02
8.770412206649780273e-02
8.687738329172134399e-02
8.529482036828994751e-02
8.554302155971527100e-02
8.781360834836959839e-02
8.490836620330810547e-02
9.918481856584548950e-02
9.084148705005645752e-02
8.677638322114944458e-02
8.695144951343536377e-02
8.412675559520721436e-02
9.130082279443740845e-02
8.971447497606277466e-02
9.240676462650299072e-02
8.394511044025421143e-02
8.401490747928619385e-02
8.588085323572158813e-02
8.367574959993362427e-02
9.165287017822265625e-02
8.349522948265075684e-02
8.675288408994674683e-02
8.820254355669021606e-02
8.630979061126708984e-02
8.844683319330215454e-02
8.779678493738174438e-02
9.645599871873855591e-02
9.149724245071411133e-02
9.049744158983230591e-02
8.326891064643859863e-02
8.555100113153457642e-02
8.934525400400161743e-02
9.104803949594497681e-02
8.959308266639709473e-02
8.529257029294967651e-02
8.417245000600814819e-02
8.724701404571533203e-02
8.630578219890594482e-02
8.753558993339538574e-02
8.452438563108444214e-02
8.725383877754211426e-02
8.328022807836532593e-02
9.248203784227371216e-02
8.229164034128189087e-02
8.833537250757217407e-02
1.033992171287536621e-01
8.588889986276626587e-02
8.431352674961090088e-02
8.475203812122344971e-02
9.220839291810989380e-02
8.328733593225479126e-02
8.619140833616256714e-02
9.213092923164367676e-02
8.666773885488510132e-02
8.503717929124832153e-02
8.478853851556777954e-02
8.445598930120468140e-02
8.932314813137054443e-02
8.983137458562850952e-02
8.664053678512573242e-02
8.926066756248474121e-02
9.154035896062850952e-02
8.511590957641601562e-02
8.575028181076049805e-02
8.659302443265914917e-02
9.463932365179061890e-02
8.290460705757141113e-02
8.726999163627624512e-02
9.487094730138778687e-02
8.435619622468948364e-02
8.450675010681152344e-02
8.610825240612030029e-02
8.249172568321228027e-02
8.375716209411621094e-02
8.236276358366012573e-02
8.495896309614181519e-02
8.272565901279449463e-02
8.628594875335693359e-02
8.314406126737594604e-02
8.680701255798339844e-02
8.544044941663742065e-02
