7.802705466747283936e-02
8.960016071796417236e-02
9.101932495832443237e-02
8.164341002702713013e-02
8.371385186910629272e-02
8.756137639284133911e-02
9.048564732074737549e-02
8.742611110210418701e-02
8.730388432741165161e-02
9.311757236719131470e-02
8.595710247755050659e-02
8.530922979116439819e-02
8.289697021245956421e-02
8.838978409767150879e-02
9.815133363008499146e-02
8.838770538568496704e-02
8.944335579872131348e-02
9.594671428203582764e-02
8.714701980352401733e-02
8.732777088880538940e-02
9.153624624013900757e-02
9.116739779710769653e-02
9.063446521759033203e-02
9.384598582983016968e-02
9.378466755151748657e-02
9.121096134185791016e-02
9.473767131567001343e-02
9.077952057123184204e-02
9.041372686624526978e-02
9.333675354719161987e-02
9.180483222007751465e-02
8.576981723308563232e-02
9.437476843595504761e-02
9.266050159931182861e-02
8.689042180776596069e-02
8.804664015769958496e-02
9.206201881170272827e-02
9.025587886571884155e-02
8.657074719667434692e-02
8.941064029932022095e-02
9.346518665552139282e-02
8.745092153549194336e-02
8.699898421764373779e-02
8.791262656450271606e-02
9.147217869758605957e-02
9.882081300020217896e-02
9.121886640787124634e-02
8.965566754341125488e-02
9.299125522375106812e-02
9.829603135585784912e-02
9.094788134098052979e-02
8.409139513969421387e-02
9.545664489269256592e-02
8.878742158412933350e-02
1.015103682875633240e-01
9.257254004478454590e-02
8.612708002328872681e-02
9.405218809843063354e-02
9.425681084394454956e-02
9.071999043226242065e-02
8.803825080394744873e-02
9.199641644954681396e-02
8.742810785770416260e-02
8.752409368753433228e-02
8.858403563499450684e-02
9.546460211277008057e-02
9.030447155237197876e-02
9.137052297592163086e-02
9.069608151912689209e-02
9.274058043956756592e-02
9.309134632349014282e-02
9.262229502201080322e-02
8.613746613264083862e-02
9.229271113872528076e-02
9.171763062477111816e-02
9.117865562438964844e-02
8.866490423679351807e-02
8.649583160877227783e-02
9.209089726209640503e-02
9.139086306095123291e-02
9.076303243637084961e-02
8.958271145820617676e-02
9.230489283800125122e-02
8.601650595664978027e-02
8.809955418109893799e-02
9.103136509656906128e-02
8.691646903753280640e-02
9.374311566352844238e-02
9.063100814819335938e-02
9.040877223014831543e-02
9.010840952396392822e-02
8.599807322025299072e-02
9.120738506317138672e-02
8.775130659341812134e-02
9.261252731084823608e-02
1.014017313718795776e-01
9.232460707426071167e-02
8.626507967710494995e-02
8.879413455724716187e-02
8.499827980995178223e-02
