3.362416988238692284e-03
5.685685202479362488e-03
1.212848443537950516e-02
9.137936867773532867e-03
1.024333946406841278e-02
1.242057327181100845e-02
1.124735455960035324e-02
1.200700644403696060e-02
1.379428058862686157e-02
1.050652191042900085e-02
1.354368589818477631e-02
1.524195540696382523e-02
1.337672211229801178e-02
1.858483813703060150e-02
1.640154607594013214e-02
1.674645021557807922e-02
1.512208301573991776e-02
1.839455030858516693e-02
1.788992434740066528e-02
1.455089822411537170e-02
1.408218592405319214e-02
1.542208716273307800e-02
1.516160648316144943e-02
1.319420617073774338e-02
1.256540324538946152e-02
1.500309165567159653e-02
1.406590174883604050e-02
1.996367052197456360e-02
1.847356744110584259e-02
1.340472232550382614e-02
2.608723007142543793e-02
1.452684309333562851e-02
2.178359776735305786e-02
1.375974714756011963e-02
1.476613059639930725e-02
1.358599215745925903e-02
3.173965215682983398e-02
1.755403913557529449e-02
1.817586272954940796e-02
1.448626723140478134e-02
2.391066215932369232e-02
2.222104184329509735e-02
1.778945326805114746e-02
1.631288230419158936e-02
1.668160781264305115e-02
2.100853249430656433e-02
1.503942161798477173e-02
1.602443493902683258e-02
1.535954140126705170e-02
1.888250559568405151e-02
2.330789342522621155e-02
1.638155244290828705e-02
1.646281965076923370e-02
1.494893431663513184e-02
1.886563561856746674e-02
1.514663826674222946e-02
1.427499484270811081e-02
1.613084040582180023e-02
1.481256261467933655e-02
2.165340073406696320e-02
1.729609817266464233e-02
1.533673517405986786e-02
1.262391358613967896e-02
1.954289153218269348e-02
1.284497883170843124e-02
1.495248824357986450e-02
1.277193892747163773e-02
2.027575857937335968e-02
1.329131331294775009e-02
1.647377759218215942e-02
1.442513056099414825e-02
1.805588044226169586e-02
1.949004083871841431e-02
1.628309488296508789e-02
1.789499260485172272e-02
1.312475558370351791e-02
1.620699092745780945e-02
1.292751822620630264e-02
1.203656382858753204e-02
1.849215663969516754e-02
1.093199849128723145e-02
1.028082706034183502e-02
1.224660128355026245e-02
1.645968295633792877e-02
1.010043080896139145e-02
1.013894565403461456e-02
1.292509678751230240e-02
1.152213662862777710e-02
1.050223782658576965e-02
9.640576317906379700e-03
1.019830256700515747e-02
1.588173583149909973e-02
9.434705600142478943e-03
2.189425006508827209e-02
1.142216566950082779e-02
1.195789407938718796e-02
8.839081972837448120e-03
1.040537748485803604e-02
1.320451311767101288e-02
7.878995500504970551e-03
