2.964332886040210724e-02
5.596438795328140259e-02
6.666760146617889404e-02
9.150458127260208130e-02
6.486518681049346924e-02
5.348202958703041077e-02
3.432481735944747925e-02
3.359473124146461487e-02
3.533383831381797791e-02
3.675809502601623535e-02
3.377116844058036804e-02
3.448511287569999695e-02
3.507044538855552673e-02
3.771932423114776611e-02
5.217838287353515625e-02
3.659904003143310547e-02
3.673463314771652222e-02
4.180705174803733826e-02
3.680077195167541504e-02
4.653766378760337830e-02
4.918171092867851257e-02
3.933119773864746094e-02
4.665317013859748840e-02
5.032445117831230164e-02
5.173744261264801025e-02
4.007669538259506226e-02
4.937638714909553528e-02
6.551392376422882080e-02
5.388366803526878357e-02
5.609686300158500671e-02
4.627991840243339539e-02
4.202159494161605835e-02
5.176096409559249878e-02
5.835315585136413574e-02
4.067724943161010742e-02
5.384850129485130310e-02
5.619917809963226318e-02
4.504417255520820618e-02
5.010801181197166443e-02
4.465356841683387756e-02
4.578224197030067444e-02
5.387242883443832397e-02
4.370716959238052368e-02
3.826417773962020874e-02
6.463119387626647949e-02
4.584503546357154846e-02
6.637144088745117188e-02
5.019289255142211914e-02
5.307430401444435120e-02
4.441129788756370544e-02
6.203557178378105164e-02
5.076451599597930908e-02
5.269122123718261719e-02
6.636567413806915283e-02
5.869409069418907166e-02
4.902704432606697083e-02
6.074696779251098633e-02
4.445436224341392517e-02
4.388497024774551392e-02
5.389114469289779663e-02
5.694791302084922791e-02
5.489436164498329163e-02
6.068671867251396179e-02
5.422683805227279663e-02
4.711165279150009155e-02
5.648781359195709229e-02
5.327227339148521423e-02
5.844854936003684998e-02
5.738628655672073364e-02
4.974092915654182434e-02
6.350129842758178711e-02
6.595961749553680420e-02
6.384873390197753906e-02
6.354375183582305908e-02
6.629820168018341064e-02
6.700039654970169067e-02
4.965507611632347107e-02
5.359089747071266174e-02
5.984208732843399048e-02
6.815910339355468750e-02
6.278346478939056396e-02
5.763711035251617432e-02
5.439691990613937378e-02
6.206090748310089111e-02
4.476036876440048218e-02
6.406603008508682251e-02
5.127705261111259460e-02
4.956415668129920959e-02
4.954672604799270630e-02
6.371983885765075684e-02
6.678262352943420410e-02
4.335102811455726624e-02
5.856614559888839722e-02
5.671532824635505676e-02
6.382212787866592407e-02
5.873394384980201721e-02
5.556485801935195923e-02
7.085335254669189453e-02
4.697907716035842896e-02
4.943751543760299683e-02
