8.075377345085144043e-02
7.133430242538452148e-02
7.199925929307937622e-02
7.496521621942520142e-02
7.053983211517333984e-02
7.256165891885757446e-02
7.709211856126785278e-02
7.752768695354461670e-02
7.369375228881835938e-02
7.156887650489807129e-02
7.056277245283126831e-02
7.111228257417678833e-02
7.600251585245132446e-02
7.054112851619720459e-02
7.088968902826309204e-02
7.200675457715988159e-02
7.357235997915267944e-02
7.512437552213668823e-02
7.475306838750839233e-02
7.311403751373291016e-02
7.181402295827865601e-02
7.085764408111572266e-02
7.048827409744262695e-02
7.068373262882232666e-02
7.202447205781936646e-02
7.175914198160171509e-02
7.067740708589553833e-02
7.047458738088607788e-02
7.052654772996902466e-02
7.073256373405456543e-02
7.102321833372116089e-02
7.119341194629669189e-02
7.114195823669433594e-02
7.092159241437911987e-02
7.064484804868698120e-02
7.048051059246063232e-02
7.043217867612838745e-02
7.046145200729370117e-02
7.052695751190185547e-02
7.059840112924575806e-02
7.067117094993591309e-02
7.067261636257171631e-02
7.060956954956054688e-02
7.054803520441055298e-02
7.048907130956649780e-02
7.044344395399093628e-02
7.042033225297927856e-02
7.040125876665115356e-02
7.041656970977783203e-02
7.045567035675048828e-02
7.048718631267547607e-02
7.048756629228591919e-02
7.046150416135787964e-02
7.041676342487335205e-02
7.039025425910949707e-02
7.039187103509902954e-02
7.040360569953918457e-02
7.041475176811218262e-02
7.042297720909118652e-02
7.042874395847320557e-02
7.043043524026870728e-02
7.042715698480606079e-02
7.041938602924346924e-02
7.040868699550628662e-02
7.039728015661239624e-02
7.038433849811553955e-02
7.038318365812301636e-02
7.038969546556472778e-02
7.040335983037948608e-02
7.040456682443618774e-02
7.039355486631393433e-02
7.038479298353195190e-02
7.038025557994842529e-02
7.038605958223342896e-02
7.039160281419754028e-02
7.039486616849899292e-02
7.039403170347213745e-02
7.038995623588562012e-02
7.038379460573196411e-02
7.037954777479171753e-02
7.038301974534988403e-02
7.038585841655731201e-02
7.038781046867370605e-02
7.038769870996475220e-02
7.038772851228713989e-02
7.038485258817672729e-02
7.038284093141555786e-02
7.038025557994842529e-02
7.038018107414245605e-02
7.038179785013198853e-02
7.038098573684692383e-02
7.037889957427978516e-02
7.038046419620513916e-02
7.038127630949020386e-02
7.038097828626632690e-02
7.038068771362304688e-02
7.037887722253799438e-02
7.037973403930664062e-02
7.038085162639617920e-02
7.037898153066635132e-02
