8.366233110427856445e-02
7.266740500926971436e-02
7.058008760213851929e-02
8.767307549715042114e-02
7.050640881061553955e-02
7.322928309440612793e-02
8.415231853723526001e-02
9.393203258514404297e-02
9.708611667156219482e-02
9.749428927898406982e-02
9.609486907720565796e-02
9.452234953641891479e-02
9.416933357715606689e-02
9.743265807628631592e-02
1.069259941577911377e-01
9.653345495462417603e-02
9.516672790050506592e-02
9.861456602811813354e-02
9.398183226585388184e-02
1.022376269102096558e-01
9.946464747190475464e-02
9.546012431383132935e-02
9.766239672899246216e-02
1.003476008772850037e-01
9.675811231136322021e-02
9.588384628295898438e-02
9.618590772151947021e-02
1.094556227326393127e-01
1.022952422499656677e-01
1.071948409080505371e-01
9.871843457221984863e-02
9.685175865888595581e-02
1.053729057312011719e-01
1.044806614518165588e-01
9.223578125238418579e-02
1.041590645909309387e-01
1.008124575018882751e-01
9.469963610172271729e-02
1.004213914275169373e-01
9.410948306322097778e-02
9.580165892839431763e-02
1.022685319185256958e-01
9.250756353139877319e-02
9.011346101760864258e-02
1.034832000732421875e-01
9.256482869386672974e-02
1.126262843608856201e-01
9.743101149797439575e-02
9.978686273097991943e-02
9.168980270624160767e-02
1.060617566108703613e-01
9.591192752122879028e-02
9.875103831291198730e-02
1.117264479398727417e-01
9.947919100522994995e-02
9.523992985486984253e-02
1.025374233722686768e-01
9.305435419082641602e-02
9.158957749605178833e-02
9.726962447166442871e-02
9.572529792785644531e-02
1.000898405909538269e-01
9.850951284170150757e-02
1.014858186244964600e-01
9.318036586046218872e-02
1.021159142255783081e-01
9.258648753166198730e-02
1.002672463655471802e-01
1.039981320500373840e-01
9.379946440458297729e-02
1.009221449494361877e-01
9.937550872564315796e-02
1.035868450999259949e-01
1.071597561240196228e-01
1.061241999268531799e-01
1.015260517597198486e-01
9.428352117538452148e-02
9.631312638521194458e-02
9.996896982192993164e-02
1.062327623367309570e-01
9.902163594961166382e-02
9.500019252300262451e-02
9.820514917373657227e-02
1.062666773796081543e-01
8.922868967056274414e-02
1.055494546890258789e-01
9.538681060075759888e-02
9.319173544645309448e-02
9.680058062076568604e-02
1.027365848422050476e-01
1.024322807788848877e-01
8.976494520902633667e-02
9.781665354967117310e-02
9.880410879850387573e-02
1.040536984801292419e-01
9.896029531955718994e-02
9.672173112630844116e-02
1.048980057239532471e-01
9.217217564582824707e-02
9.257294237613677979e-02
