8.832030743360519409e-02
9.275864064693450928e-02
9.560111165046691895e-02
9.470569342374801636e-02
9.777981042861938477e-02
9.433808922767639160e-02
9.648605436086654663e-02
9.361714124679565430e-02
9.736034274101257324e-02
9.421892464160919189e-02
9.670310467481613159e-02
9.319423884153366089e-02
9.061081707477569580e-02
9.786265343427658081e-02
9.048815071582794189e-02
9.316912293434143066e-02
9.465495496988296509e-02
9.456937760114669800e-02
9.472748637199401855e-02
9.195639938116073608e-02
9.096750617027282715e-02
9.729743748903274536e-02
9.789470583200454712e-02
9.809126704931259155e-02
9.137959033250808716e-02
9.730247408151626587e-02
9.485641866922378540e-02
9.244219958782196045e-02
9.610511362552642822e-02
9.121739864349365234e-02
9.358676522970199585e-02
9.453450143337249756e-02
9.899869561195373535e-02
9.158200770616531372e-02
9.201882034540176392e-02
9.385324269533157349e-02
9.309612214565277100e-02
9.228627383708953857e-02
8.915265649557113647e-02
8.992947638034820557e-02
9.036064893007278442e-02
9.041971713304519653e-02
9.130499511957168579e-02
8.861558139324188232e-02
8.853984624147415161e-02
8.854220062494277954e-02
8.901326358318328857e-02
8.680769801139831543e-02
8.785140514373779297e-02
8.910181373357772827e-02
8.911320567131042480e-02
8.979658782482147217e-02
8.990536630153656006e-02
8.796644210815429688e-02
8.824492245912551880e-02
9.471233189105987549e-02
9.628470242023468018e-02
9.111274033784866333e-02
9.700591862201690674e-02
9.416674077510833740e-02
9.534449875354766846e-02
9.054198861122131348e-02
9.585562348365783691e-02
9.309811145067214966e-02
9.683426469564437866e-02
9.144212305545806885e-02
9.821270406246185303e-02
8.972986787557601929e-02
9.018792212009429932e-02
9.510247409343719482e-02
9.799204021692276001e-02
9.862699359655380249e-02
9.132996946573257446e-02
9.722089022397994995e-02
8.951494097709655762e-02
9.118165820837020874e-02
8.923615515232086182e-02
9.244896471500396729e-02
9.105470776557922363e-02
9.182032942771911621e-02
9.104425460100173950e-02
1.034924611449241638e-01
1.019226834177970886e-01
8.748034387826919556e-02
9.147328883409500122e-02
9.471849352121353149e-02
8.957654982805252075e-02
8.742401003837585449e-02
9.312622249126434326e-02
9.265083819627761841e-02
9.369336813688278198e-02
8.912995457649230957e-02
8.922261744737625122e-02
9.169049561023712158e-02
9.998157620429992676e-02
9.028580039739608765e-02
8.824813365936279297e-02
8.934057503938674927e-02
9.653732925653457642e-02
9.342840313911437988e-02
