5.052636191248893738e-02
6.034264340996742249e-02
6.658443063497543335e-02
6.999958306550979614e-02
6.759731471538543701e-02
6.671495735645294189e-02
6.533769518136978149e-02
6.320706009864807129e-02
6.299576163291931152e-02
6.449755281209945679e-02
6.596843153238296509e-02
6.675857305526733398e-02
6.728749722242355347e-02
6.771410256624221802e-02
6.784614920616149902e-02
6.754509359598159790e-02
6.712900102138519287e-02
6.667554378509521484e-02
6.610498577356338501e-02
6.537168473005294800e-02
6.463602185249328613e-02
6.451577693223953247e-02
6.500409543514251709e-02
6.577742099761962891e-02
6.625013053417205811e-02
6.655578315258026123e-02
6.673276424407958984e-02
6.680111587047576904e-02
6.678667664527893066e-02
6.669164448976516724e-02
6.651456654071807861e-02
6.625459343194961548e-02
6.590896844863891602e-02
6.545369327068328857e-02
6.508523225784301758e-02
6.517188996076583862e-02
6.557215750217437744e-02
6.597985327243804932e-02
6.621786206960678101e-02
6.634298712015151978e-02
6.638593971729278564e-02
6.634009629487991333e-02
6.622467190027236938e-02
6.602560728788375854e-02
6.573979556560516357e-02
6.533398479223251343e-02
6.508174538612365723e-02
6.531510502099990845e-02
6.573671847581863403e-02
6.597325205802917480e-02
6.609191000461578369e-02
6.612827628850936890e-02
6.607696413993835449e-02
6.595950573682785034e-02
6.575404852628707886e-02
6.543136388063430786e-02
6.526435911655426025e-02
6.541018933057785034e-02
6.567836552858352661e-02
6.579095870256423950e-02
6.577766686677932739e-02
6.565310060977935791e-02
6.558049470186233521e-02
6.564513593912124634e-02
6.576623767614364624e-02
6.576814502477645874e-02
6.566097587347030640e-02
6.559835374355316162e-02
6.562193483114242554e-02
6.572036445140838623e-02
6.569444388151168823e-02
6.555461138486862183e-02
6.556534022092819214e-02
6.571498513221740723e-02
6.572298705577850342e-02
6.561410427093505859e-02
6.559725105762481689e-02
6.565480679273605347e-02
6.576044112443923950e-02
6.573198735713958740e-02
6.557209044694900513e-02
6.557729840278625488e-02
6.572568416595458984e-02
6.573818624019622803e-02
6.561411172151565552e-02
6.558092683553695679e-02
6.570116430521011353e-02
6.567566096782684326e-02
6.551129370927810669e-02
6.552170217037200928e-02
6.569831073284149170e-02
6.570931524038314819e-02
6.558793038129806519e-02
6.562749296426773071e-02
6.575482338666915894e-02
6.572730839252471924e-02
6.555552780628204346e-02
6.557507812976837158e-02
6.575267016887664795e-02
6.576626747846603394e-02
