9.999999939225290291e-09 4.543902724981307983e-02 8.544044941663742065e-02 8.140093833208084106e-02
9.999999939225290291e-09 4.943751543760299683e-02 9.257294237613677979e-02 9.011553227901458740e-02
9.999999939225290291e-09 3.475826606154441833e-02 9.815385192632675171e-02 9.430366009473800659e-02
4.126237035961821675e-05 6.570757925510406494e-02 7.037898153066635132e-02 6.682717055082321167e-02
9.999999939225290291e-09 4.939090088009834290e-02 8.499827980995178223e-02 8.746284991502761841e-02
4.140499004279263318e-05 6.568039208650588989e-02 7.038103789091110229e-02 6.683246046304702759e-02
1.723909190332051367e-05 6.576626747846603394e-02 7.035503536462783813e-02 6.677605211734771729e-02
9.999999939225290291e-09 4.186795651912689209e-02 9.342840313911437988e-02 8.942960202693939209e-02
9.999999939225290291e-09 7.878995500504970551e-03 8.760321140289306641e-02 8.701454102993011475e-02
9.999999939225290291e-09 5.914477258920669556e-02 9.309297055006027222e-02 8.745999634265899658e-02
