9.165795147418975830e-02
8.868124336004257202e-02
9.109512716531753540e-02
9.099382162094116211e-02
9.115738421678543091e-02
9.181252121925354004e-02
9.095477312803268433e-02
9.119103103876113892e-02
9.242681413888931274e-02
9.060662239789962769e-02
9.216394275426864624e-02
9.186679869890213013e-02
9.202429652214050293e-02
9.421666711568832397e-02
9.242693334817886353e-02
9.272539615631103516e-02
9.239169210195541382e-02
9.376773983240127563e-02
9.380939602851867676e-02
9.217641502618789673e-02
9.178934246301651001e-02
9.183481335639953613e-02
9.144443273544311523e-02
9.133914113044738770e-02
9.095147252082824707e-02
9.188895672559738159e-02
9.132171422243118286e-02
9.428998827934265137e-02
9.306225925683975220e-02
9.062413126230239868e-02
9.560827910900115967e-02
9.141965210437774658e-02
9.398608654737472534e-02
9.114474058151245117e-02
9.106660634279251099e-02
9.045620262622833252e-02
9.828218817710876465e-02
9.225369244813919067e-02
9.208579361438751221e-02
9.082406014204025269e-02
9.453982114791870117e-02
9.512615948915481567e-02
9.277735650539398193e-02
9.159011393785476685e-02
9.207403659820556641e-02
9.355475008487701416e-02
9.113311022520065308e-02
9.171996265649795532e-02
9.140313416719436646e-02
9.392049163579940796e-02
9.316292405128479004e-02
9.121900796890258789e-02
9.116811305284500122e-02
9.058237820863723755e-02
9.173478931188583374e-02
9.074104577302932739e-02
8.987264335155487061e-02
9.155138581991195679e-02
9.093070030212402344e-02
9.280113130807876587e-02
9.154164791107177734e-02
9.155122190713882446e-02
8.973857760429382324e-02
9.208427369594573975e-02
8.948208391666412354e-02
9.104660153388977051e-02
8.959876745939254761e-02
9.246306121349334717e-02
8.982764184474945068e-02
9.128100425004959106e-02
9.006532281637191772e-02
9.115036576986312866e-02
9.142667055130004883e-02
9.211423248052597046e-02
9.069319814443588257e-02
8.968743681907653809e-02
9.181344509124755859e-02
8.931402117013931274e-02
8.966074883937835693e-02
9.157995134592056274e-02
8.836529403924942017e-02
8.804868161678314209e-02
8.866516500711441040e-02
9.087128937244415283e-02
8.803045004606246948e-02
8.864317834377288818e-02
8.938776701688766479e-02
8.879388868808746338e-02
8.868242800235748291e-02
8.831202238798141479e-02
8.867397159337997437e-02
9.015326946973800659e-02
8.818686008453369141e-02
9.241232275962829590e-02
8.846160024404525757e-02
8.930404484272003174e-02
8.756678551435470581e-02
8.880800753831863403e-02
8.948200941085815430e-02
8.760321140289306641e-02
