3.530105575919151306e-02
6.120673939585685730e-02
6.881104409694671631e-02
7.512987405061721802e-02
6.502924114465713501e-02
5.631872639060020447e-02
4.294173046946525574e-02
4.277336969971656799e-02
5.255673453211784363e-02
6.074841320514678955e-02
6.551366299390792847e-02
6.929212808609008789e-02
7.718101143836975098e-02
6.701762974262237549e-02
6.334465742111206055e-02
5.868206545710563660e-02
5.267559736967086792e-02
4.867899417877197266e-02
4.986773803830146790e-02
5.452634394168853760e-02
5.965879559516906738e-02
6.332354992628097534e-02
6.596164405345916748e-02
6.799440085887908936e-02
7.113853096961975098e-02
7.065241038799285889e-02
6.797216087579727173e-02
6.646161526441574097e-02
6.508330255746841431e-02
6.364288181066513062e-02
6.247832626104354858e-02
6.190403550863265991e-02
6.205518543720245361e-02
6.285348534584045410e-02
6.403959542512893677e-02
6.511052697896957397e-02
6.601003557443618774e-02
6.666770577430725098e-02
6.719714403152465820e-02
6.761483103036880493e-02
6.789495050907135010e-02
6.788928806781768799e-02
6.763179600238800049e-02
6.729885190725326538e-02
6.693952530622482300e-02
6.656164675951004028e-02
6.617536395788192749e-02
6.576374173164367676e-02
6.530976295471191406e-02
6.490717828273773193e-02
6.467261910438537598e-02
6.464944034814834595e-02
6.483322381973266602e-02
6.515668332576751709e-02
6.553198397159576416e-02
6.585092842578887939e-02
6.607489287853240967e-02
6.622755527496337891e-02
6.632175296545028687e-02
6.636529415845870972e-02
6.636469066143035889e-02
6.632304191589355469e-02
6.624002754688262939e-02
6.611991673707962036e-02
6.596428900957107544e-02
6.576757878065109253e-02
6.552882492542266846e-02
6.531284749507904053e-02
6.517039984464645386e-02
6.515717506408691406e-02
6.526508182287216187e-02
6.545667350292205811e-02
6.564038246870040894e-02
6.580028682947158813e-02
6.589322537183761597e-02
6.593268364667892456e-02
6.592385470867156982e-02
6.587070971727371216e-02
6.577712297439575195e-02
6.563994288444519043e-02
6.551534682512283325e-02
6.542176753282546997e-02
6.536731123924255371e-02
6.535469740629196167e-02
6.538216769695281982e-02
6.543844938278198242e-02
6.552012264728546143e-02
6.561685353517532349e-02
6.570775806903839111e-02
6.574027240276336670e-02
6.572099030017852783e-02
6.565412133932113647e-02
6.559607386589050293e-02
6.556861102581024170e-02
6.556919962167739868e-02
6.559545546770095825e-02
6.564162671566009521e-02
6.568782776594161987e-02
6.572552025318145752e-02
6.570757925510406494e-02
