4.882627353072166443e-02
5.133628100156784058e-02
4.702918976545333862e-02
5.057582631707191467e-02
5.074413120746612549e-02
5.020431801676750183e-02
4.736470803618431091e-02
4.937157407402992249e-02
3.766249492764472961e-02
4.252504184842109680e-02
5.208978056907653809e-02
3.863821923732757568e-02
4.151129350066184998e-02
4.081382974982261658e-02
4.005299136042594910e-02
3.994554653763771057e-02
5.010337382555007935e-02
4.277918860316276550e-02
4.029664769768714905e-02
4.339871555566787720e-02
4.260576888918876648e-02
3.985380008816719055e-02
3.706974163651466370e-02
4.069761559367179871e-02
3.925408422946929932e-02
4.263332113623619080e-02
3.471143543720245361e-02
4.783332347869873047e-02
5.054533854126930237e-02
4.145495221018791199e-02
4.425751790404319763e-02
4.080648720264434814e-02
5.001801997423171997e-02
4.664019495248794556e-02
3.997084125876426697e-02
5.029242113232612610e-02
4.757735878229141235e-02
4.651292786002159119e-02
4.195204749703407288e-02
4.574368894100189209e-02
4.674809798598289490e-02
4.586492478847503662e-02
6.489863991737365723e-02
5.075344815850257874e-02
4.338928312063217163e-02
4.774636030197143555e-02
5.351116880774497986e-02
4.822323843836784363e-02
6.198188662528991699e-02
4.628002271056175232e-02
4.644603654742240906e-02
4.515397176146507263e-02
4.275027662515640259e-02
4.591694846749305725e-02
7.089245319366455078e-02
4.674028977751731873e-02
4.714678600430488586e-02
4.627095535397529602e-02
4.951520264148712158e-02
4.922813177108764648e-02
4.408082365989685059e-02
5.010265111923217773e-02
4.440860450267791748e-02
4.819313436746597290e-02
5.077013000845909119e-02
4.353321716189384460e-02
5.168074369430541992e-02
5.979778990149497986e-02
4.672086611390113831e-02
4.416939243674278259e-02
5.116416141390800476e-02
5.934147909283638000e-02
5.004541575908660889e-02
5.926440656185150146e-02
4.647981747984886169e-02
4.811042547225952148e-02
4.906989261507987976e-02
5.290242657065391541e-02
4.983496293425559998e-02
4.552226886153221130e-02
4.936272650957107544e-02
5.420442298054695129e-02
4.483396187424659729e-02
4.662454873323440552e-02
5.429627746343612671e-02
4.617839306592941284e-02
4.714398458600044250e-02
4.691297560930252075e-02
4.732928425073623657e-02
5.975135043263435364e-02
6.161370500922203064e-02
5.841582641005516052e-02
4.725639149546623230e-02
4.745696857571601868e-02
5.436314269900321960e-02
4.385838657617568970e-02
4.899997264146804810e-02
5.896101891994476318e-02
5.664994567632675171e-02
5.914477258920669556e-02
