8.973830193281173706e-02
9.375691413879394531e-02
9.644954651594161987e-02
9.434068202972412109e-02
9.611803293228149414e-02
9.487080574035644531e-02
9.505898505449295044e-02
9.467909485101699829e-02
9.410176426172256470e-02
9.897569566965103149e-02
9.415305405855178833e-02
9.553057700395584106e-02
9.322287142276763916e-02
9.535620361566543579e-02
9.287606924772262573e-02
9.489487111568450928e-02
9.312156587839126587e-02
9.270764887332916260e-02
9.316128492355346680e-02
9.452943503856658936e-02
9.456783533096313477e-02
9.527188539505004883e-02
9.447302669286727905e-02
9.727962315082550049e-02
9.426213800907135010e-02
1.003711745142936707e-01
9.739358723163604736e-02
9.290266782045364380e-02
9.574532508850097656e-02
9.807413071393966675e-02
9.469784796237945557e-02
9.470854699611663818e-02
9.619142860174179077e-02
9.212367981672286987e-02
9.246213734149932861e-02
9.771781414747238159e-02
9.269721060991287231e-02
9.665906429290771484e-02
9.501931071281433105e-02
9.393069148063659668e-02
9.417694807052612305e-02
9.826462715864181519e-02
9.304397553205490112e-02
9.382610768079757690e-02
9.476023912429809570e-02
9.451377391815185547e-02
9.661316126585006714e-02
9.655866026878356934e-02
9.265398234128952026e-02
9.234125167131423950e-02
9.736604988574981689e-02
9.146329015493392944e-02
9.592565149068832397e-02
9.296039491891860962e-02
9.453369677066802979e-02
9.368862211704254150e-02
9.150985628366470337e-02
8.958661556243896484e-02
9.033884108066558838e-02
8.952811360359191895e-02
9.151042997837066650e-02
9.320195764303207397e-02
9.593945741653442383e-02
9.498199075460433960e-02
9.344668686389923096e-02
9.298495203256607056e-02
9.100480377674102783e-02
9.181070327758789062e-02
8.829359710216522217e-02
9.258606284856796265e-02
9.253291040658950806e-02
9.444458037614822388e-02
9.663914889097213745e-02
9.633824229240417480e-02
9.487114846706390381e-02
8.998752385377883911e-02
9.698115289211273193e-02
9.532441943883895874e-02
9.493304044008255005e-02
9.622725099325180054e-02
9.089223295450210571e-02
9.502651542425155640e-02
9.692920744419097900e-02
9.361689537763595581e-02
9.764600545167922974e-02
9.827671945095062256e-02
9.217248111963272095e-02
9.560869634151458740e-02
9.361058473587036133e-02
9.692892432212829590e-02
9.428726136684417725e-02
9.515026211738586426e-02
9.351714700460433960e-02
9.381515532732009888e-02
9.179063886404037476e-02
1.000369489192962646e-01
1.126148030161857605e-01
9.127341210842132568e-02
9.454651921987533569e-02
9.815385192632675171e-02
