1.626138947904109955e-02
1.213302649557590485e-02
1.712522655725479126e-02
2.103055268526077271e-02
2.644152194261550903e-02
2.063637413084506989e-02
2.441366203129291534e-02
2.224762551486492157e-02
2.950162254273891449e-02
2.390749752521514893e-02
2.734390087425708771e-02
2.192097343504428864e-02
1.849973201751708984e-02
3.135991096496582031e-02
1.878263428807258606e-02
2.687310054898262024e-02
2.730734273791313171e-02
2.558916248381137848e-02
2.664099261164665222e-02
2.344079129397869110e-02
2.372577227652072906e-02
3.516288846731185913e-02
3.734852746129035950e-02
3.655946254730224609e-02
2.323308959603309631e-02
3.179297223687171936e-02
3.482566401362419128e-02
2.765418961644172668e-02
3.605169802904129028e-02
2.644955739378929138e-02
3.072074241936206818e-02
3.136220946907997131e-02
4.029107093811035156e-02
2.640724927186965942e-02
2.795025147497653961e-02
3.147136792540550232e-02
2.985080145299434662e-02
2.837957814335823059e-02
2.289991080760955811e-02
2.359422296285629272e-02
2.780739217996597290e-02
2.679950185120105743e-02
2.990407310426235199e-02
2.413203567266464233e-02
2.394016645848751068e-02
2.583855576813220978e-02
2.637913636863231659e-02
2.459051087498664856e-02
2.633667550981044769e-02
2.833856455981731415e-02
2.695677429437637329e-02
2.558119781315326691e-02
3.224943578243255615e-02
2.823971584439277649e-02
2.766055986285209656e-02
3.628550842404365540e-02
3.729636222124099731e-02
3.187118098139762878e-02
4.106899350881576538e-02
3.557811677455902100e-02
3.890662640333175659e-02
3.082812950015068054e-02
4.349336028099060059e-02
3.545960783958435059e-02
3.869098052382469177e-02
3.218869119882583618e-02
4.648663103580474854e-02
3.253692016005516052e-02
2.946662157773971558e-02
3.980155289173126221e-02
4.431287944316864014e-02
5.031567439436912537e-02
3.426180407404899597e-02
4.343969747424125671e-02
3.187483549118041992e-02
3.576192259788513184e-02
3.000768832862377167e-02
3.726218268275260925e-02
3.687015175819396973e-02
3.676127269864082336e-02
3.389925509691238403e-02
5.159566178917884827e-02
4.736167192459106445e-02
3.034042567014694214e-02
3.756804391741752625e-02
4.028230533003807068e-02
3.206606581807136536e-02
3.483660519123077393e-02
3.967551887035369873e-02
3.648004680871963501e-02
4.024038836359977722e-02
3.277041018009185791e-02
3.429519757628440857e-02
3.753560408949851990e-02
4.961821064352989197e-02
3.488018363714218140e-02
3.176743164658546448e-02
3.521306812763214111e-02
4.216918721795082092e-02
4.186795651912689209e-02
