4.552451893687248230e-02
3.879106789827346802e-02
4.124721884727478027e-02
3.483138233423233032e-02
3.763644024729728699e-02
4.207979515194892883e-02
3.717254474759101868e-02
4.118803143501281738e-02
3.662487119436264038e-02
3.609267994761466980e-02
3.750835731625556946e-02
4.183932393789291382e-02
4.014694318175315857e-02
3.978070989251136780e-02
5.202734842896461487e-02
3.711036965250968933e-02
4.105057567358016968e-02
4.330257326364517212e-02
3.779814764857292175e-02
4.431153833866119385e-02
4.266996309161186218e-02
3.973801061511039734e-02
3.849229216575622559e-02
4.169000685214996338e-02
4.241487011313438416e-02
3.816165402531623840e-02
5.465069413185119629e-02
5.012688413262367249e-02
4.140197858214378357e-02
4.523062705993652344e-02
4.001560807228088379e-02
4.892206564545631409e-02
4.663264378905296326e-02
4.931254312396049500e-02
3.862082958221435547e-02
3.792341053485870361e-02
4.052146151661872864e-02
4.005822166800498962e-02
4.701909795403480530e-02
3.956762328743934631e-02
4.353195801377296448e-02
4.302009567618370056e-02
4.466843232512474060e-02
4.464812949299812317e-02
4.698720574378967285e-02
5.837393552064895630e-02
5.437199398875236511e-02
4.683283343911170959e-02
4.050780460238456726e-02
4.346455261111259460e-02
4.736128449440002441e-02
4.877050220966339111e-02
4.693030565977096558e-02
4.288299754261970520e-02
4.193750396370887756e-02
4.843944311141967773e-02
4.567253217101097107e-02
4.594752937555313110e-02
4.175856336951255798e-02
4.493703320622444153e-02
4.275280609726905823e-02
5.585049465298652649e-02
4.209279268980026245e-02
4.829115420579910278e-02
7.006882131099700928e-02
4.535151645541191101e-02
4.240013659000396729e-02
4.414277896285057068e-02
5.581284686923027039e-02
4.351785778999328613e-02
4.612113907933235168e-02
5.635378137230873108e-02
4.700209945440292358e-02
4.528210684657096863e-02
4.577290266752243042e-02
4.359124600887298584e-02
4.873130470514297485e-02
5.296126380562782288e-02
4.750197753310203552e-02
5.265035107731819153e-02
6.104743480682373047e-02
4.602344334125518799e-02
4.577811807394027710e-02
4.614000394940376282e-02
6.080655381083488464e-02
4.332972317934036255e-02
5.097861960530281067e-02
5.599575862288475037e-02
4.636943340301513672e-02
4.599323496222496033e-02
4.806132242083549500e-02
4.291151091456413269e-02
4.398534819483757019e-02
4.368302971124649048e-02
4.731916263699531555e-02
4.322073981165885925e-02
4.838267713785171509e-02
4.319405928254127502e-02
5.042135715484619141e-02
4.543902724981307983e-02
