7.606855779886245728e-02
7.167553156614303589e-02
7.040295749902725220e-02
7.162913680076599121e-02
7.082615792751312256e-02
7.042597979307174683e-02
7.037112116813659668e-02
7.076994329690933228e-02
7.090177386999130249e-02
7.049670815467834473e-02
7.037386298179626465e-02
7.041642814874649048e-02
7.049068808555603027e-02
7.057233154773712158e-02
7.060024887323379517e-02
7.053473591804504395e-02
7.046322524547576904e-02
7.040760666131973267e-02
7.038138061761856079e-02
7.039136439561843872e-02
7.049100846052169800e-02
7.051046937704086304e-02
7.042749971151351929e-02
7.036788761615753174e-02
7.038103044033050537e-02
7.039806246757507324e-02
7.041511684656143188e-02
7.042422145605087280e-02
7.042305916547775269e-02
7.041183859109878540e-02
7.039421796798706055e-02
7.038015127182006836e-02
7.036551088094711304e-02
7.036840170621871948e-02
7.040040940046310425e-02
7.039334625005722046e-02
7.035727053880691528e-02
7.036417722702026367e-02
7.037717103958129883e-02
7.038611173629760742e-02
7.038813829421997070e-02
7.038479298353195190e-02
7.037794589996337891e-02
7.036524266004562378e-02
7.035453617572784424e-02
7.036767899990081787e-02
7.039357721805572510e-02
7.037001103162765503e-02
7.036101818084716797e-02
7.036717236042022705e-02
7.036849111318588257e-02
7.037077099084854126e-02
7.036816328763961792e-02
7.036370784044265747e-02
7.035914063453674316e-02
7.036370038986206055e-02
7.037066668272018433e-02
7.036147266626358032e-02
7.035002857446670532e-02
7.035917788743972778e-02
7.035576552152633667e-02
7.035714387893676758e-02
7.035253196954727173e-02
7.035072892904281616e-02
7.035788893699645996e-02
7.036041468381881714e-02
7.035473734140396118e-02
7.035188376903533936e-02
7.035353034734725952e-02
7.035444676876068115e-02
7.035282254219055176e-02
7.035670429468154907e-02
7.035633921623229980e-02
7.035369426012039185e-02
7.035270333290100098e-02
7.035744935274124146e-02
7.035529613494873047e-02
7.035185396671295166e-02
7.035614550113677979e-02
7.035613805055618286e-02
7.035209238529205322e-02
7.035320252180099487e-02
7.035367935895919800e-02
7.035390287637710571e-02
7.034853845834732056e-02
7.035630941390991211e-02
7.035346329212188721e-02
7.035133987665176392e-02
7.036040723323822021e-02
7.035728543996810913e-02
7.035286724567413330e-02
7.034986466169357300e-02
7.035690546035766602e-02
7.035309821367263794e-02
7.035851478576660156e-02
7.035602629184722900e-02
7.035855948925018311e-02
7.035619765520095825e-02
7.035382837057113647e-02
7.035503536462783813e-02
