3.443340957164764404e-02
6.163731962442398071e-02
8.181639015674591064e-02
6.339319050312042236e-02
5.092806741595268250e-02
3.451883420348167419e-02
2.997321821749210358e-02
3.043786995112895966e-02
3.479102253913879395e-02
4.589430242776870728e-02
5.756940320134162903e-02
6.343966722488403320e-02
6.662635505199432373e-02
7.023377716541290283e-02
7.858750969171524048e-02
6.821461021900177002e-02
6.613566726446151733e-02
6.409066170454025269e-02
6.111615896224975586e-02
5.826060473918914795e-02
5.533724278211593628e-02
5.398872494697570801e-02
5.437303334474563599e-02
5.645418912172317505e-02
5.917630717158317566e-02
6.139606609940528870e-02
6.362282484769821167e-02
6.545559316873550415e-02
6.691257655620574951e-02
6.846548616886138916e-02
7.026819139719009399e-02
7.004355639219284058e-02
6.830696016550064087e-02
6.700020283460617065e-02
6.596256792545318604e-02
6.499344855546951294e-02
6.414449959993362427e-02
6.345047056674957275e-02
6.310245394706726074e-02
6.313686072826385498e-02
6.351962685585021973e-02
6.416191160678863525e-02
6.483793258666992188e-02
6.555041670799255371e-02
6.620954722166061401e-02
6.677885353565216064e-02
6.727074831724166870e-02
6.764530390501022339e-02
6.782814860343933105e-02
6.774901598691940308e-02
6.747379153966903687e-02
6.711007654666900635e-02
6.674278527498245239e-02
6.638662517070770264e-02
6.603959202766418457e-02
6.572408974170684814e-02
6.547986716032028198e-02
6.532844901084899902e-02
6.529559940099716187e-02
6.537377089262008667e-02
6.554005295038223267e-02
6.573383510112762451e-02
6.594898551702499390e-02
6.612777709960937500e-02
6.627370417118072510e-02
6.638933718204498291e-02
6.646203994750976562e-02
6.649550795555114746e-02
6.649341434240341187e-02
6.645905226469039917e-02
6.639451533555984497e-02
6.631086766719818115e-02
6.621123105287551880e-02
6.609863787889480591e-02
6.598770618438720703e-02
6.586455553770065308e-02
6.574491411447525024e-02
6.565279513597488403e-02
6.560347974300384521e-02
6.559097766876220703e-02
6.561336666345596313e-02
6.566050648689270020e-02
6.573270261287689209e-02
6.580703705549240112e-02
6.585347652435302734e-02
6.586799025535583496e-02
6.585709005594253540e-02
6.581873446702957153e-02
6.575554609298706055e-02
6.567028909921646118e-02
6.559628248214721680e-02
6.555252522230148315e-02
6.553383916616439819e-02
6.553895771503448486e-02
6.556506454944610596e-02
6.560621410608291626e-02
6.565499305725097656e-02
6.568676978349685669e-02
6.570309400558471680e-02
6.568039208650588989e-02
